0.003 0.003 16 0.494140625 0.1240234375 0.490478515625
0.003 0.005 18 0.366943359375 0.09033203125 0.363037109375
0.003 0.007 18 0.28955078125 0.071044921875 0.284423828125
0.003 0.009 18 0.2374267578125 0.0615234375 0.2347412109375
0.003 0.011 17 0.19921875 0.0546875 0.19384765625
0.003 0.013 18 0.1697998046875 0.046875 0.161865234375
0.003 0.015 18 0.1463623046875 0.0572509765625 0.1337890625
0.003 0.017 18 0.17236328125 0.11279296875 0.1253662109375
0.003 0.019 18 0.1773681640625 0.24699771404266 0.0
0.003 0.021 17 0.09259033203125 0.01385128498077 0.0
0.003 0.023 18 0.0758056640625 0.00787740945816 0.0
0.003 0.025 18 0.0535888671875 0.00363826751709 0.0
0.003 0.027 18 0.05001831054688 0.00230848789215 0.0
0.003 0.029 17 0.046875 0.00174832344055 0.0
0.003 0.031 18 0.04412841796875 0.00178080797195 0.0
0.003 0.033 18 0.04168701171875 0.00142920017242 0.0
0.003 0.035 18 0.03948974609375 0.00114792585373 0.0
0.003 0.037 17 0.03750610351563 0.00040590763092 0.0
0.003 0.039 18 0.03570556640625 0.00036883354187 0.0
0.003 0.041 18 0.03408813476563 0.00022959709167 0.0
0.003 0.043 17 0.03262329101563 0.00033980607986 0.0
0.003 0.045 18 0.03125 0.00020635128021 0.0
0.003 0.047 18 0.03001403808594 0.00017654895782 0.0
0.003 0.049 18 0.02885437011719 0.00016456842422 0.0
0.003 0.051 17 0.02778625488281 0.00016069412231 0.0
