1.5 1.5 88 4.703125 3.58203125 3.35546875 0.0 3.33428168965963
2.0 1.5 10 4.6796875 0.474609375 2.7734375 0.0 2.75724302626994
2.5 1.5 10 4.52734375 0.630859375 2.484375 0.0 2.45729458584138
3.0 1.5 10 4.65625 1.6484375 4.15234375 0.0 3.82746616760981
3.5 1.5 10 5.3203125 10.48828125 5.0390625 0.0 4.36997465480524
4.0 1.5 10 9.3203125 61.4677734375 7.98046875 0.0 4.33636131033628
4.5 1.5 10 8.625 81.359375 8.1328125 0.0 4.22581631519253
5.0 1.5 10 8.34375 83.421875 8.34375 0.0 4.31982503896124
5.5 1.5 10 8.6328125 86.328125 8.6328125 0.0 4.36038504377643
6.0 1.5 10 8.796875 87.96875 8.796875 0.0 4.44149228234971
6.5 1.5 10 8.8828125 88.828125 8.8828125 0.0 4.4960512522091
7.0 1.5 10 9.0703125 90.703125 9.0703125 0.0 4.55657484457155
7.5 1.5 10 9.2578125 92.578125 9.2578125 0.0 4.6070001137295
8.0 1.5 10 9.59375 95.609375 9.59375 0.0 4.65124532554022
8.5 1.5 10 9.9296875 99.296875 9.9296875 0.0 4.67965675766126
9.0 1.5 10 10.1328125 101.328125 10.1328125 0.0 4.71389085212518
9.5 1.5 10 11.1328125 105.75 11.1328125 0.0 4.74831940185011
10.0 1.5 10 11.4921875 114.921875 11.4921875 0.0 4.77980782697174
10.5 1.5 10 11.4921875 114.921875 11.4921875 0.0 4.81454708813183
11.0 1.5 10 12.078125 118.9921875 12.078125 0.0 4.85559703483003
11.5 1.5 10 12.515625 125.15625 12.515625 0.0 4.88992941567459
12.0 1.5 10 12.703125 127.03125 12.703125 0.0 4.93564275995481
12.5 1.5 10 12.84375 128.4375 12.84375 0.0 4.9695898376517
13.0 1.5 10 13.015625 130.15625 13.015625 0.0 5.00862182828754
13.5 1.5 10 13.1484375 131.484375 13.1484375 0.0 5.0430706502574
14.0 1.5 10 13.3046875 133.046875 13.3046875 0.0 5.07482225297077
14.5 1.5 10 13.5546875 135.21875 13.5546875 0.0 5.11113736290099
15.0 1.5 10 13.828125 138.28125 13.828125 0.0 5.14768477987322
15.5 1.5 10 14.109375 140.5234375 14.109375 0.0 5.18370422395358
16.0 1.5 10 14.1875 141.640625 14.1875 0.0 5.2176623446584
16.5 1.5 10 14.359375 143.09375 14.359375 0.0 5.24621538059791
17.0 1.5 10 14.796875 147.96875 14.796875 0.0 5.2745481628018
17.5 1.5 10 14.9765625 149.765625 14.9765625 0.0 5.3022779962252
18.0 1.5 10 15.1328125 151.328125 15.1328125 0.0 5.32303523935982
18.5 1.5 10 15.1328125 151.328125 15.1328125 0.0 5.34547880112048
19.0 1.5 10 15.2890625 152.890625 15.2890625 0.0 5.36839547501257
19.5 1.5 10 15.4921875 154.921875 15.4921875 0.0 5.39374795919861
20.0 1.5 10 15.8515625 156.796875 15.8515625 0.0 5.41473418282275
20.5 1.5 10 16.0 160.0 16.0 0.0 5.43784650669837
21.0 1.5 10 16.0 160.0 16.0 0.0 5.4599119512302
21.5 1.5 10 16.0 160.0 16.0 0.0 5.47995120209027
22.0 1.5 10 16.0 160.0 16.0 0.0 5.49885155438735
22.5 1.5 10 16.0 160.0 16.0 0.0 5.51567788265133
23.0 1.5 10 16.0625 160.625 16.0625 0.0 5.54019268263262
23.5 1.5 10 16.140625 161.40625 16.140625 0.0 5.5583703361168
24.0 1.5 10 16.46875 164.015625 16.46875 0.0 5.58098607794344
24.5 1.5 10 16.921875 168.6875 16.921875 0.0 5.60299530669313
25.0 1.5 10 17.109375 171.09375 17.109375 0.0 5.62370883267242
25.5 1.5 10 17.125 171.25 17.125 0.0 5.64263102396183
26.0 1.5 10 17.265625 172.65625 17.265625 0.0 5.65693282438832
26.5 1.5 10 17.34375 173.4375 17.34375 0.0 5.67101272655331
27.0 1.5 10 17.5 175.0 17.5 0.0 5.68687088760916
27.5 1.5 10 17.546875 175.46875 17.546875 0.0 5.70252883964802
28.0 1.5 10 17.734375 177.34375 17.734375 0.0 5.7193425996161
28.5 1.5 10 17.796875 177.96875 17.796875 0.0 5.72961902891109
29.0 1.5 10 17.8125 178.125 17.8125 0.0 5.74435671255342
29.5 1.5 10 17.9375 179.375 17.9375 0.0 5.75905271562555
30.0 1.5 10 18.046875 180.46875 18.046875 0.0 5.77265864434218
30.5 1.5 10 18.25 182.5 18.25 0.0 5.78470228853901
31.0 1.5 10 18.390625 183.90625 18.390625 0.0 5.79690205615468
31.5 1.5 10 18.734375 186.640625 18.734375 0.0 5.80985019541346
32.0 1.5 10 18.96875 189.6875 18.96875 0.0 5.82136416839424
32.5 1.5 10 18.96875 189.6875 18.96875 0.0 5.8323882403327
33.0 1.5 10 19.171875 191.71875 19.171875 0.0 5.84217074994099
33.5 1.5 10 19.234375 192.34375 19.234375 0.0 5.85698471434618
34.0 1.5 10 19.34375 193.4375 19.34375 0.0 5.86822641609106
34.5 1.5 10 19.375 193.75 19.375 0.0 5.88160783109735
35.0 1.5 10 19.484375 194.84375 19.484375 0.0 5.89363907629775
35.5 1.5 10 19.59375 195.9375 19.59375 0.0 5.90411432607043
36.0 1.5 10 19.75 197.5 19.75 0.0 5.91528383362573
36.5 1.5 10 19.828125 198.28125 19.828125 0.0 5.92534718095042
37.0 1.5 9 19.890625 179.015625 19.890625 0.0 5.93597056338852
37.5 1.5 10 20.015625 200.09375 20.015625 0.0 5.94609689524613
38.0 1.5 10 20.171875 201.6875 20.171875 0.0 5.95772891840835
38.5 1.5 10 20.34375 203.4375 20.34375 0.0 5.96903359863058
39.0 1.5 10 20.453125 204.109375 20.453125 0.0 5.98079800750145
39.5 1.5 10 20.625 206.25 20.625 0.0 5.98939333452783
40.0 1.5 10 20.734375 207.34375 20.734375 0.0 5.99879726083496
1.5 2.0 88 4.72265625 4.208984375 2.466796875 0.0 2.4537640270569
2.0 2.0 10 4.67578125 0.529296875 2.48046875 0.0 2.46223404534914
2.5 2.0 10 4.62890625 0.6796875 2.494140625 0.0 2.46270148876033
3.0 2.0 10 4.6328125 1.802734375 4.4375 0.0 4.11640739514249
3.5 2.0 10 5.1875 11.294921875 4.62109375 0.0 4.07236737372645
4.0 2.0 10 9.1171875 65.326171875 7.6640625 0.0 4.00885797172544
4.5 2.0 10 8.484375 83.56640625 8.484375 0.0 4.29231972613732
5.0 2.0 10 8.484375 84.84375 8.484375 0.0 4.27814859275587
5.5 2.0 10 8.6328125 86.328125 8.6328125 0.0 4.34515944715648
6.0 2.0 10 8.859375 88.59375 8.859375 0.0 4.43315994881612
6.5 2.0 10 9.0625 90.625 9.0625 0.0 4.48825841470665
7.0 2.0 10 9.265625 92.65625 9.265625 0.0 4.54197195949307
7.5 2.0 10 9.46875 94.6875 9.46875 0.0 4.581362771855
8.0 2.0 10 9.890625 98.84375 9.890625 0.0 4.62223593589894
8.5 2.0 10 10.546875 104.1484375 10.546875 0.0 4.66062302390734
9.0 2.0 10 10.8671875 108.671875 10.8671875 0.0 4.694545651023
9.5 2.0 10 10.9296875 109.296875 10.9296875 0.0 4.73601989304845
10.0 2.0 10 11.234375 112.34375 11.234375 0.0 4.77621810824848
10.5 2.0 10 11.4921875 114.921875 11.4921875 0.0 4.81820882694715
11.0 2.0 10 11.9453125 119.453125 11.9453125 0.0 4.85457987521346
11.5 2.0 10 12.1640625 121.640625 12.1640625 0.0 4.89111716696983
12.0 2.0 10 12.3203125 123.203125 12.3203125 0.0 4.93483330877136
12.5 2.0 10 12.4375 124.375 12.4375 0.0 4.96873733525045
13.0 2.0 10 12.8515625 128.515625 12.8515625 0.0 5.00220905185915
13.5 2.0 10 13.0625 129.5546875 13.0625 0.0 5.04307868639605
14.0 2.0 10 13.359375 133.40625 13.359375 0.0 5.07615715012625
14.5 2.0 10 13.3828125 133.828125 13.3828125 0.0 5.11592402100357
15.0 2.0 10 13.7421875 137.421875 13.7421875 0.0 5.13978251785911
15.5 2.0 10 13.8671875 138.671875 13.8671875 0.0 5.16967849021506
16.0 2.0 10 14.0390625 140.390625 14.0390625 0.0 5.19128938637436
16.5 2.0 10 14.1953125 141.953125 14.1953125 0.0 5.21746901626978
17.0 2.0 10 14.328125 143.28125 14.328125 0.0 5.24186674103009
17.5 2.0 10 14.6015625 145.15625 14.6015625 0.0 5.26154724541466
18.0 2.0 10 14.828125 148.28125 14.828125 0.0 5.28772145528769
18.5 2.0 10 14.828125 148.28125 14.828125 0.0 5.31149608394083
19.0 2.0 10 14.9765625 149.359375 14.9765625 0.0 5.33499002122664
19.5 2.0 10 15.1640625 151.640625 15.1640625 0.0 5.35943151053123
20.0 2.0 10 15.28125 152.8125 15.28125 0.0 5.37899125291494
20.5 2.0 10 15.515625 154.59375 15.515625 0.0 5.39725974089295
21.0 2.0 10 15.7890625 157.890625 15.7890625 0.0 5.4173596355189
21.5 2.0 10 15.8984375 158.984375 15.8984375 0.0 5.43620800140562
22.0 2.0 10 16.0 160.0 16.0 0.0 5.46306966830107
22.5 2.0 10 16.28125 161.59375 16.28125 0.0 5.48240735126328
23.0 2.0 10 16.4375 164.375 16.4375 0.0 5.50611874492827
23.5 2.0 10 16.5625 165.625 16.5625 0.0 5.52704575272855
24.0 2.0 10 16.703125 167.03125 16.703125 0.0 5.54966066338291
24.5 2.0 10 16.84375 168.4375 16.84375 0.0 5.56483523121411
25.0 2.0 10 16.953125 169.53125 16.953125 0.0 5.57907108224926
25.5 2.0 10 17.0625 170.625 17.0625 0.0 5.59179301970695
26.0 2.0 10 17.171875 171.71875 17.171875 0.0 5.61376350676381
26.5 2.0 10 17.3125 173.125 17.3125 0.0 5.63070777469372
27.0 2.0 10 17.4375 174.375 17.4375 0.0 5.64713047320501
27.5 2.0 10 17.53125 175.3125 17.53125 0.0 5.66152968035094
28.0 2.0 10 17.609375 176.09375 17.609375 0.0 5.67550172745717
28.5 2.0 10 17.734375 177.34375 17.734375 0.0 5.69260215770735
29.0 2.0 10 17.890625 178.90625 17.890625 0.0 5.70521078641164
29.5 2.0 10 18.015625 180.15625 18.015625 0.0 5.71833710701723
30.0 2.0 10 18.140625 181.40625 18.140625 0.0 5.73133899630124
30.5 2.0 10 18.28125 182.8125 18.28125 0.0 5.74230767716036
31.0 2.0 10 18.40625 184.0625 18.40625 0.0 5.75646149280299
31.5 2.0 10 18.53125 185.3125 18.53125 0.0 5.77352630172565
32.0 2.0 10 18.625 186.25 18.625 0.0 5.78623803586673
32.5 2.0 10 18.796875 187.96875 18.796875 0.0 5.8015423968652
33.0 2.0 10 19.0 189.015625 19.0 0.0 5.81534276381908
33.5 2.0 10 19.453125 193.96875 19.453125 0.0 5.82995521948916
34.0 2.0 10 19.453125 194.53125 19.453125 0.0 5.84326907150341
34.5 2.0 10 19.53125 195.3125 19.53125 0.0 5.85852464865098
35.0 2.0 10 19.609375 196.09375 19.609375 0.0 5.8733098842132
35.5 2.0 10 19.640625 196.40625 19.640625 0.0 5.88528728905044
36.0 2.0 10 19.765625 197.65625 19.765625 0.0 5.8996986769303
36.5 2.0 10 19.859375 198.59375 19.859375 0.0 5.91171942461642
37.0 2.0 10 967.5 1948.25 967.5 0.0 15.7482133127523
37.5 2.0 10 999.5 6081.234375 999.5 0.0 996.744208958093
38.0 2.0 10 999.5 55.0 999.5 0.0 996.748149750096
38.5 2.0 10 999.5 55.0 999.5 0.0 996.748149750096
39.0 2.0 10 999.5 55.0 999.5 0.0 996.748149750096
39.5 2.0 10 999.5 55.0 999.5 0.0 996.748149750096
40.0 2.0 9 999.5 49.5 999.5 0.0 996.748149750096
1.5 2.5 88 4.66796875 4.923828125 3.849609375 0.0 3.74645944468474
2.0 2.5 10 4.671875 0.73828125 4.37109375 0.0 4.33787964289576
2.5 2.5 10 4.57421875 0.923828125 3.25 0.0 3.22095730908785
3.0 2.5 10 4.7109375 1.501953125 2.75390625 0.0 2.68676448060842
3.5 2.5 10 4.9609375 8.8125 4.0234375 0.0 2.83423025211157
4.0 2.5 10 10.46875 72.015625 10.46875 0.0 4.83785609241399
4.5 2.5 10 9.234375 83.140625 8.2734375 0.0 4.33444289131228
5.0 2.5 10 8.2734375 82.734375 8.2734375 0.0 4.27176553659465
5.5 2.5 10 8.4140625 84.0859375 8.4140625 0.0 4.32718954135344
6.0 2.5 10 8.7578125 86.828125 8.7578125 0.0 4.41956565266433
6.5 2.5 10 9.171875 90.515625 9.171875 0.0 4.4740049238161
7.0 2.5 10 9.5 95.0 9.5 0.0 4.52748380738329
7.5 2.5 10 9.828125 98.28125 9.828125 0.0 4.57571227669068
8.0 2.5 10 10.1328125 101.328125 10.1328125 0.0 4.6113435405062
8.5 2.5 10 10.453125 104.53125 10.453125 0.0 4.64438916715159
9.0 2.5 10 10.7578125 107.578125 10.7578125 0.0 4.67877373054354
9.5 2.5 10 11.03125 110.3125 11.03125 0.0 4.70842464829078
10.0 2.5 10 11.3984375 113.984375 11.3984375 0.0 4.74437193549892
10.5 2.5 10 11.7109375 117.109375 11.7109375 0.0 4.78535514613932
11.0 2.5 10 11.9453125 119.453125 11.9453125 0.0 4.81971211115135
11.5 2.5 10 12.0625 120.625 12.0625 0.0 4.8511160665959
12.0 2.5 10 12.3046875 123.046875 12.3046875 0.0 4.90031558357291
12.5 2.5 10 12.4609375 124.609375 12.4609375 0.0 4.94356061277001
13.0 2.5 10 12.6796875 126.796875 12.6796875 0.0 4.98598641668178
13.5 2.5 10 13.03125 130.1484375 13.03125 0.0 5.0329577541412
14.0 2.5 10 13.3125 133.125 13.3125 0.0 5.06559379079144
14.5 2.5 10 13.4765625 134.765625 13.4765625 0.0 5.10055744954482
15.0 2.5 10 13.609375 136.09375 13.609375 0.0 5.12734698210025
15.5 2.5 10 13.9765625 139.578125 13.9765625 0.0 5.15327276966059
16.0 2.5 10 14.2421875 142.421875 14.2421875 0.0 5.17556992052886
16.5 2.5 10 14.3359375 143.3515625 14.3359375 0.0 5.19925860156152
17.0 2.5 10 14.578125 145.78125 14.578125 0.0 5.22554902713037
17.5 2.5 10 14.578125 145.78125 14.578125 0.0 5.24950258301479
18.0 2.5 10 14.828125 148.28125 14.828125 0.0 5.27610258139621
18.5 2.5 9 14.9453125 134.5078125 14.9453125 0.0 5.29722552351519
19.0 2.5 10 15.0 149.9453125 15.0 0.0 5.32169542803942
19.5 2.5 10 15.3515625 151.5234375 15.3515625 0.0 5.34114449824429
20.0 2.5 10 15.71875 157.140625 15.71875 0.0 5.36537549967538
20.5 2.5 10 15.9765625 159.2109375 15.9765625 0.0 5.38791371030631
21.0 2.5 10 16.0 160.0 16.0 0.0 5.4079834345065
21.5 2.5 10 16.0625 160.625 16.0625 0.0 5.42544543163358
22.0 2.5 10 16.578125 164.984375 16.578125 0.0 5.44657939602003
22.5 2.5 10 16.828125 168.28125 16.828125 0.0 5.46480289418129
23.0 2.5 10 16.90625 169.0625 16.90625 0.0 5.48344867201848
23.5 2.5 10 17.0625 170.625 17.0625 0.0 5.50276139628906
24.0 2.5 10 17.125 171.25 17.125 0.0 5.52543222866107
24.5 2.5 10 17.25 172.5 17.25 0.0 5.54597224685285
25.0 2.5 10 17.296875 172.96875 17.296875 0.0 5.56054519430255
25.5 2.5 10 17.4375 174.375 17.4375 0.0 5.57944983526955
26.0 2.5 10 17.5 175.0 17.5 0.0 5.59265972984262
26.5 2.5 10 17.640625 176.40625 17.640625 0.0 5.60862415096866
27.0 2.5 10 17.703125 177.03125 17.703125 0.0 5.62669505768444
27.5 2.5 10 17.84375 178.4375 17.84375 0.0 5.6444619331496
28.0 2.5 10 17.90625 179.0625 17.90625 0.0 5.66167839888808
28.5 2.5 10 17.96875 179.6875 17.96875 0.0 5.67982870792223
29.0 2.5 10 18.046875 180.46875 18.046875 0.0 5.69836692692786
29.5 2.5 10 18.171875 181.4375 18.171875 0.0 5.71776088677069
30.0 2.5 10 999.5 6656.51394367218 999.5 0.0 996.702097750865
30.5 2.5 10 999.5 55.0 999.5 0.0 996.747488946559
31.0 2.5 10 999.5 55.0 999.5 0.0 996.747488946559
31.5 2.5 10 999.5 55.0 999.5 0.0 996.747488946559
32.0 2.5 10 999.5 55.0 999.5 0.0 996.747488946559
32.5 2.5 10 999.5 55.0 999.5 0.0 996.747488946559
33.0 2.5 10 999.5 55.0 999.5 0.0 996.747488946559
33.5 2.5 10 999.5 55.0 999.5 0.0 996.747488946559
34.0 2.5 10 999.5 55.0 999.5 0.0 996.747488946559
34.5 2.5 10 999.5 55.0 999.5 0.0 996.747488946559
35.0 2.5 10 999.5 55.0 999.5 0.0 996.747488946559
35.5 2.5 10 999.5 55.0 999.5 0.0 996.747488946559
36.0 2.5 10 999.5 55.0 999.5 0.0 996.747488946559
36.5 2.5 10 999.5 55.0 999.5 0.0 996.747488946559
37.0 2.5 10 999.5 55.0 999.5 0.0 996.747488946559
37.5 2.5 10 999.5 55.0 999.5 0.0 996.747488946559
38.0 2.5 10 999.5 55.0 999.5 0.0 996.747488946559
38.5 2.5 10 999.5 55.0 999.5 0.0 996.747488946559
39.0 2.5 10 999.5 55.0 999.5 0.0 996.747488946559
39.5 2.5 10 999.5 55.0 999.5 0.0 996.747488946559
40.0 2.5 10 999.5 55.0 999.5 0.0 996.747488946559
1.5 3.0 88 4.66796875 6.265625 2.529296875 0.0 2.50775904437296
2.0 3.0 10 4.65625 0.912109375 3.275390625 0.0 3.16790989718498
2.5 3.0 10 4.703125 1.07421875 4.703125 0.0 4.65088219149486
3.0 3.0 10 4.80859375 1.955078125 3.771484375 0.0 3.68326330129938
3.5 3.0 10 4.9609375 7.23046875 3.6484375 0.0 3.39399101494918
4.0 3.0 10 7.8515625 59.2685546875 7.34765625 0.0 3.82491235038848
4.5 3.0 10 10.703125 87.3046875 8.3046875 0.0 4.17459941654968
5.0 3.0 10 8.4453125 84.453125 8.4453125 0.0 4.2419202438642
5.5 3.0 10 8.7265625 87.265625 8.7265625 0.0 4.30405797370234
6.0 3.0 10 8.9375 89.375 8.9375 0.0 4.38526580176506
6.5 3.0 10 9.125 91.25 9.125 0.0 4.44634424313267
7.0 3.0 10 9.3046875 93.046875 9.3046875 0.0 4.50502469096446
7.5 3.0 10 9.5703125 95.703125 9.5703125 0.0 4.54791543174138
8.0 3.0 10 9.8671875 98.671875 9.8671875 0.0 4.58596754170344
8.5 3.0 10 10.1796875 101.6953125 10.1796875 0.0 4.62174476532467
9.0 3.0 10 10.4609375 104.609375 10.4609375 0.0 4.65147273693347
9.5 3.0 10 10.703125 107.03125 10.703125 0.0 4.69515257948914
10.0 3.0 10 10.9140625 109.140625 10.9140625 0.0 4.72622038952373
10.5 3.0 10 11.3515625 112.375 11.3515625 0.0 4.77514826139147
11.0 3.0 10 11.453125 114.53125 11.453125 0.0 4.8084379022111
11.5 3.0 10 12.2421875 118.140625 12.2421875 0.0 4.85708921541765
12.0 3.0 10 12.53125 125.3125 12.53125 0.0 4.90078187708395
12.5 3.0 10 12.609375 126.09375 12.609375 0.0 4.93947479670802
13.0 3.0 10 12.8125 128.125 12.8125 0.0 4.97892778039534
13.5 3.0 10 13.2109375 131.8671875 13.2109375 0.0 5.01793133985052
14.0 3.0 10 13.28125 132.8125 13.28125 0.0 5.05492817654329
14.5 3.0 10 13.375 133.75 13.375 0.0 5.08682445043419
15.0 3.0 10 13.5234375 135.203125 13.5234375 0.0 5.12432472420422
15.5 3.0 9 13.7265625 123.5390625 13.7265625 0.0 5.14294006586396
16.0 3.0 10 13.890625 138.6875 13.890625 0.0 5.16885043396509
16.5 3.0 10 14.1015625 140.890625 14.1015625 0.0 5.2013264149542
17.0 3.0 10 14.3046875 142.8359375 14.3046875 0.0 5.22717322577013
17.5 3.0 10 14.515625 145.0390625 14.515625 0.0 5.25023386080601
18.0 3.0 10 14.7578125 147.578125 14.7578125 0.0 5.27159567378671
18.5 3.0 10 15.0234375 150.234375 15.0234375 0.0 5.29415925907566
19.0 3.0 10 15.1953125 151.5390625 15.1953125 0.0 5.31838850803625
19.5 3.0 10 15.3984375 153.984375 15.3984375 0.0 5.33858487121718
20.0 3.0 10 15.5859375 155.828125 15.5859375 0.0 5.35837485694807
20.5 3.0 10 15.8125 158.125 15.8125 0.0 5.38325657963936
21.0 3.0 10 16.0 160.0 16.0 0.0 5.40294905575776
21.5 3.0 10 16.28125 160.65625 16.28125 0.0 5.42351736523059
22.0 3.0 10 16.921875 166.859375 16.921875 0.0 5.44166716940125
22.5 3.0 10 17.0625 170.625 17.0625 0.0 5.46830910881956
23.0 3.0 10 17.140625 171.40625 17.140625 0.0 5.48765858636595
23.5 3.0 9 17.25 155.25 17.25 0.0 5.50730200967064
24.0 3.0 10 17.34375 173.40625 17.34375 0.0 5.52289440820294
24.5 3.0 10 17.453125 174.53125 17.453125 0.0 5.54386624951103
25.0 3.0 10 999.5 4401.4921875 999.5 0.0 911.454656862745
25.5 3.0 10 999.5 929.5625 999.5 0.0 996.751585928489
26.0 3.0 10 999.5 55.0 999.5 0.0 996.751585928489
26.5 3.0 10 999.5 55.0 999.5 0.0 996.751585928489
27.0 3.0 10 999.5 55.0 999.5 0.0 996.751585928489
27.5 3.0 10 999.5 55.0 999.5 0.0 996.751585928489
28.0 3.0 10 999.5 55.0 999.5 0.0 996.751585928489
28.5 3.0 10 999.5 55.0 999.5 0.0 996.751585928489
29.0 3.0 10 999.5 55.0 999.5 0.0 996.751585928489
29.5 3.0 10 999.5 55.0 999.5 0.0 996.751585928489
30.0 3.0 10 999.5 55.0 999.5 0.0 996.751585928489
30.5 3.0 10 999.5 55.0 999.5 0.0 996.751585928489
31.0 3.0 10 999.5 55.0 999.5 0.0 996.751585928489
31.5 3.0 10 999.5 55.0 999.5 0.0 996.751585928489
32.0 3.0 10 999.5 55.0 999.5 0.0 996.751585928489
32.5 3.0 10 999.5 55.0 999.5 0.0 996.751585928489
33.0 3.0 10 999.5 55.0 999.5 0.0 996.751585928489
33.5 3.0 10 999.5 55.0 999.5 0.0 996.751585928489
34.0 3.0 10 999.5 55.0 999.5 0.0 996.751585928489
34.5 3.0 10 999.5 55.0 999.5 0.0 996.751585928489
35.0 3.0 10 999.5 55.0 999.5 0.0 996.751585928489
35.5 3.0 10 999.5 55.0 999.5 0.0 996.751585928489
36.0 3.0 10 999.5 55.0 999.5 0.0 996.751585928489
36.5 3.0 10 999.5 55.0 999.5 0.0 996.751585928489
37.0 3.0 10 999.5 55.0 999.5 0.0 996.751585928489
37.5 3.0 10 999.5 55.0 999.5 0.0 996.751585928489
38.0 3.0 10 999.5 55.0 999.5 0.0 996.751585928489
38.5 3.0 10 999.5 55.0 999.5 0.0 996.751585928489
39.0 3.0 10 999.5 55.0 999.5 0.0 996.751585928489
39.5 3.0 10 999.5 55.0 999.5 0.0 996.751585928489
40.0 3.0 10 999.5 55.0 999.5 0.0 996.751585928489
1.5 3.5 88 4.66796875 6.255859375 3.58203125 0.0 3.45065965839461
2.0 3.5 10 4.66796875 0.912109375 3.91015625 0.0 3.74587781554871
2.5 3.5 10 4.6796875 1.1953125 4.2890625 0.0 4.1244606566585
3.0 3.5 10 4.71484375 2.107421875 4.5703125 0.0 4.21324313177324
3.5 3.5 10 5.16015625 7.869140625 5.16015625 0.0 4.37440067747381
4.0 3.5 10 9.671875 40.6748046875 9.671875 0.0 4.869273170455
4.5 3.5 10 9.6640625 82.5 8.546875 0.0 4.48065463545339
5.0 3.5 10 8.265625 81.8828125 8.1796875 0.0 4.27631427249694
5.5 3.5 10 8.203125 82.0078125 8.203125 0.0 4.32657339203328
6.0 3.5 10 8.390625 83.890625 8.390625 0.0 4.40249254659494
6.5 3.5 10 8.5703125 85.703125 8.5703125 0.0 4.46213388461326
7.0 3.5 10 8.8125 88.109375 8.8125 0.0 4.51722334831472
7.5 3.5 10 9.375 93.078125 9.375 0.0 4.56399000346981
8.0 3.5 10 9.7109375 97.109375 9.7109375 0.0 4.60658901171334
8.5 3.5 10 10.265625 102.34375 10.265625 0.0 4.65594173741829
9.0 3.5 10 10.5625 105.625 10.5625 0.0 4.68625336151423
9.5 3.5 10 10.7578125 107.578125 10.7578125 0.0 4.73672849393633
10.0 3.5 10 11.0234375 110.234375 11.0234375 0.0 4.76405683787442
10.5 3.5 10 11.2578125 112.578125 11.2578125 0.0 4.81469086573525
11.0 3.5 10 11.484375 114.84375 11.484375 0.0 4.84242575470414
11.5 3.5 10 11.6953125 116.953125 11.6953125 0.0 4.88025353254836
12.0 3.5 10 12.109375 119.140625 12.109375 0.0 4.92712477468576
12.5 3.5 10 12.484375 124.8203125 12.484375 0.0 4.96834962286258
13.0 3.5 10 12.59375 125.9375 12.59375 0.0 5.00528380996628
13.5 3.5 10 12.84375 128.4375 12.84375 0.0 5.03182186148502
14.0 3.5 10 12.9921875 129.921875 12.9921875 0.0 5.06465067665756
14.5 3.5 10 13.1875 131.875 13.1875 0.0 5.09535679458621
15.0 3.5 10 13.4296875 134.1171875 13.4296875 0.0 5.12741370300337
15.5 3.5 10 13.6484375 136.484375 13.6484375 0.0 5.14911839277732
16.0 3.5 10 13.7890625 137.890625 13.7890625 0.0 5.17243069795314
16.5 3.5 10 14.1015625 140.7265625 14.1015625 0.0 5.19606962342851
17.0 3.5 10 14.3828125 143.828125 14.3828125 0.0 5.22232796224131
17.5 3.5 10 14.515625 145.15625 14.515625 0.0 5.2418074867402
18.0 3.5 10 14.8046875 146.9921875 14.8046875 0.0 5.27100408838053
18.5 3.5 10 15.03125 150.3125 15.03125 0.0 5.28998232254188
19.0 3.5 10 15.125 151.25 15.125 0.0 5.31691867384669
19.5 3.5 10 15.3125 152.9140625 15.3125 0.0 5.34048245339062
20.0 3.5 10 15.6484375 156.3828125 15.6484375 0.0 5.36016214876989
20.5 3.5 10 15.8984375 158.984375 15.8984375 0.0 5.38131198062719
21.0 3.5 10 16.0 160.0 16.0 0.0 5.40518526727765
21.5 3.5 10 999.5 4593.4296875 999.5 0.0 996.749627547097
22.0 3.5 10 999.5 55.0 999.5 0.0 996.749867839293
22.5 3.5 10 999.5 55.0 999.5 0.0 996.749867839293
23.0 3.5 10 999.5 55.0 999.5 0.0 996.749867839293
23.5 3.5 10 999.5 55.0 999.5 0.0 996.749867839293
24.0 3.5 10 999.5 55.0 999.5 0.0 996.749867839293
24.5 3.5 10 999.5 55.0 999.5 0.0 996.749867839293
25.0 3.5 10 999.5 55.0 999.5 0.0 996.749867839293
25.5 3.5 10 999.5 55.0 999.5 0.0 996.749867839293
26.0 3.5 10 999.5 55.0 999.5 0.0 996.749867839293
26.5 3.5 10 999.5 55.0 999.5 0.0 996.749867839293
27.0 3.5 10 999.5 55.0 999.5 0.0 996.749867839293
27.5 3.5 10 999.5 55.0 999.5 0.0 996.749867839293
28.0 3.5 10 999.5 55.0 999.5 0.0 996.749867839293
28.5 3.5 10 999.5 55.0 999.5 0.0 996.749867839293
29.0 3.5 10 999.5 55.0 999.5 0.0 996.749867839293
29.5 3.5 10 999.5 55.0 999.5 0.0 996.749867839293
30.0 3.5 10 999.5 55.0 999.5 0.0 996.749867839293
30.5 3.5 10 999.5 55.0 999.5 0.0 996.749867839293
31.0 3.5 10 999.5 55.0 999.5 0.0 996.749867839293
31.5 3.5 10 999.5 55.0 999.5 0.0 996.749867839293
32.0 3.5 10 999.5 55.0 999.5 0.0 996.749867839293
32.5 3.5 10 999.5 55.0 999.5 0.0 996.749867839293
33.0 3.5 10 999.5 55.0 999.5 0.0 996.749867839293
33.5 3.5 10 999.5 55.0 999.5 0.0 996.749867839293
34.0 3.5 10 999.5 55.0 999.5 0.0 996.749867839293
34.5 3.5 10 999.5 55.0 999.5 0.0 996.749867839293
35.0 3.5 10 999.5 55.0 999.5 0.0 996.749867839293
35.5 3.5 10 999.5 55.0 999.5 0.0 996.749867839293
36.0 3.5 10 999.5 55.0 999.5 0.0 996.749867839293
36.5 3.5 10 999.5 55.0 999.5 0.0 996.749867839293
37.0 3.5 10 999.5 55.0 999.5 0.0 996.749867839293
37.5 3.5 10 999.5 55.0 999.5 0.0 996.749867839293
38.0 3.5 10 999.5 55.0 999.5 0.0 996.749867839293
38.5 3.5 10 999.5 55.0 999.5 0.0 996.749867839293
39.0 3.5 10 999.5 55.0 999.5 0.0 996.749867839293
39.5 3.5 10 999.5 55.0 999.5 0.0 996.749867839293
40.0 3.5 10 999.5 55.0 999.5 0.0 996.749867839293
1.5 4.0 88 4.73828125 6.3828125 2.728515625 0.0 2.70434058752944
2.0 4.0 10 4.64453125 0.923828125 2.650390625 0.0 2.61903169566693
2.5 4.0 10 4.6953125 1.078125 2.533203125 0.0 2.49489205436311
3.0 4.0 10 4.75 1.9375 2.64453125 0.0 2.53494228669562
3.5 4.0 10 4.80078125 6.189453125 3.525390625 0.0 2.69196741675377
4.0 4.0 10 9.1640625 46.029296875 9.1640625 0.0 4.29853838449434
4.5 4.0 10 10.7734375 86.62890625 9.0078125 0.0 4.53780082009392
5.0 4.0 10 8.90625 84.2109375 8.359375 0.0 4.21089825242105
5.5 4.0 10 8.765625 87.5546875 8.765625 0.0 4.3570995050003
6.0 4.0 10 8.7890625 87.890625 8.7890625 0.0 4.39376545772071
6.5 4.0 10 8.9140625 89.0859375 8.9140625 0.0 4.46053503180458
7.0 4.0 10 9.1796875 91.796875 9.1796875 0.0 4.51800759648278
7.5 4.0 10 9.8515625 97.0546875 9.8515625 0.0 4.56138110470624
8.0 4.0 10 10.1015625 101.015625 10.1015625 0.0 4.60412174195441
8.5 4.0 10 10.3046875 103.046875 10.3046875 0.0 4.63290429137066
9.0 4.0 10 10.5 105.0 10.5 0.0 4.66834748160812
9.5 4.0 10 10.71875 107.1875 10.71875 0.0 4.70311445779511
10.0 4.0 10 11.1484375 110.2421875 11.1484375 0.0 4.74466937207479
10.5 4.0 10 11.6796875 114.1171875 11.6796875 0.0 4.79333654482609
11.0 4.0 10 12.171875 121.4296875 12.171875 0.0 4.83421239258005
11.5 4.0 10 12.46875 124.6875 12.46875 0.0 4.87061745107105
12.0 4.0 10 12.6171875 126.171875 12.6171875 0.0 4.90772261134979
12.5 4.0 10 12.796875 127.96875 12.796875 0.0 4.9484519700934
13.0 4.0 10 12.9296875 129.296875 12.9296875 0.0 4.98560158904357
13.5 4.0 10 13.109375 131.09375 13.109375 0.0 5.01868224740086
14.0 4.0 10 13.2734375 132.734375 13.2734375 0.0 5.03959301458396
14.5 4.0 10 13.453125 134.53125 13.453125 0.0 5.06798234529813
15.0 4.0 10 13.6171875 136.171875 13.6171875 0.0 5.09035314834666
15.5 4.0 10 13.84375 138.3046875 13.84375 0.0 5.11651286340159
16.0 4.0 10 14.1171875 141.171875 14.1171875 0.0 5.14798250336376
16.5 4.0 10 14.2578125 142.578125 14.2578125 0.0 5.16966399295497
17.0 4.0 10 14.375 143.75 14.375 0.0 5.19307906409494
17.5 4.0 10 14.5625 145.625 14.5625 0.0 5.22181049327451
18.0 4.0 10 14.703125 147.03125 14.703125 0.0 5.25138613025084
18.5 4.0 10 40.375 185.0 40.375 0.0 5.34709130220404
19.0 4.0 10 999.5 2601.93731689453 999.5 0.0 996.745242214533
19.5 4.0 10 999.5 55.0 999.5 0.0 996.745242214533
20.0 4.0 10 999.5 55.0 999.5 0.0 996.745242214533
20.5 4.0 10 999.5 55.0 999.5 0.0 996.745242214533
21.0 4.0 10 999.5 55.0 999.5 0.0 996.745242214533
21.5 4.0 10 999.5 55.0 999.5 0.0 996.745242214533
22.0 4.0 10 999.5 55.0 999.5 0.0 996.745242214533
22.5 4.0 10 999.5 55.0 999.5 0.0 996.745242214533
23.0 4.0 10 999.5 55.0 999.5 0.0 996.745242214533
23.5 4.0 10 999.5 55.0 999.5 0.0 996.745242214533
24.0 4.0 10 999.5 55.0 999.5 0.0 996.745242214533
24.5 4.0 10 999.5 55.0 999.5 0.0 996.745242214533
25.0 4.0 10 999.5 55.0 999.5 0.0 996.745242214533
25.5 4.0 10 999.5 55.0 999.5 0.0 996.745242214533
26.0 4.0 10 999.5 55.0 999.5 0.0 996.745242214533
26.5 4.0 10 999.5 55.0 999.5 0.0 996.745242214533
27.0 4.0 10 999.5 55.0 999.5 0.0 996.745242214533
27.5 4.0 10 999.5 55.0 999.5 0.0 996.745242214533
28.0 4.0 9 999.5 49.5 999.5 0.0 996.745242214533
28.5 4.0 10 999.5 55.0 999.5 0.0 996.745242214533
29.0 4.0 10 999.5 55.0 999.5 0.0 996.745242214533
29.5 4.0 10 999.5 55.0 999.5 0.0 996.745242214533
30.0 4.0 10 999.5 55.0 999.5 0.0 996.745242214533
30.5 4.0 10 999.5 55.0 999.5 0.0 996.745242214533
31.0 4.0 10 999.5 55.0 999.5 0.0 996.745242214533
31.5 4.0 10 999.5 55.0 999.5 0.0 996.745242214533
32.0 4.0 10 999.5 55.0 999.5 0.0 996.745242214533
32.5 4.0 10 999.5 55.0 999.5 0.0 996.745242214533
33.0 4.0 10 999.5 55.0 999.5 0.0 996.745242214533
33.5 4.0 10 999.5 55.0 999.5 0.0 996.745242214533
34.0 4.0 10 999.5 55.0 999.5 0.0 996.745242214533
34.5 4.0 10 999.5 55.0 999.5 0.0 996.745242214533
35.0 4.0 10 999.5 55.0 999.5 0.0 996.745242214533
35.5 4.0 10 999.5 55.0 999.5 0.0 996.745242214533
36.0 4.0 10 999.5 55.0 999.5 0.0 996.745242214533
36.5 4.0 10 999.5 55.0 999.5 0.0 996.745242214533
37.0 4.0 10 999.5 55.0 999.5 0.0 996.745242214533
37.5 4.0 10 999.5 55.0 999.5 0.0 996.745242214533
38.0 4.0 10 999.5 55.0 999.5 0.0 996.745242214533
38.5 4.0 10 999.5 55.0 999.5 0.0 996.745242214533
39.0 4.0 10 999.5 55.0 999.5 0.0 996.745242214533
39.5 4.0 10 999.5 55.0 999.5 0.0 996.745242214533
40.0 4.0 10 999.5 55.0 999.5 0.0 996.745242214533
1.5 4.5 88 4.73046875 8.47265625 2.80078125 0.0 2.77012996240929
2.0 4.5 10 4.57421875 1.166015625 2.515625 0.0 2.47986351403306
2.5 4.5 10 4.6171875 1.775390625 4.6171875 0.0 4.47039956837514
3.0 4.5 10 4.6328125 2.42578125 3.98046875 0.0 3.89657129319252
3.5 4.5 10 4.83984375 5.904296875 3.130859375 0.0 2.82630732095228
4.0 4.5 10 8.9140625 63.0205078125 8.9140625 0.0 4.30249832115669
4.5 4.5 10 9.6796875 84.7421875 8.203125 0.0 4.25007233313388
5.0 4.5 10 8.125 81.25 8.125 0.0 4.22744167014034
5.5 4.5 10 8.4296875 84.25 8.4296875 0.0 4.29960640376919
6.0 4.5 10 8.5546875 85.546875 8.5546875 0.0 4.37118877901888
6.5 4.5 10 8.7734375 87.671875 8.7734375 0.0 4.43426114819179
7.0 4.5 10 9.0625 90.5 9.0625 0.0 4.49015705071329
7.5 4.5 10 9.25 92.5 9.25 0.0 4.52547418377987
8.0 4.5 10 9.421875 94.21875 9.421875 0.0 4.5657009242109
8.5 4.5 10 9.7109375 97.109375 9.7109375 0.0 4.58946131387212
9.0 4.5 10 9.9296875 99.296875 9.9296875 0.0 4.61982100511808
9.5 4.5 10 10.25 102.0 10.25 0.0 4.65646162983467
10.0 4.5 10 10.40625 104.0625 10.40625 0.0 4.69855702766824
10.5 4.5 10 10.703125 107.015625 10.703125 0.0 4.73046639969559
11.0 4.5 10 11.109375 110.6171875 11.109375 0.0 4.76518995983842
11.5 4.5 10 11.2890625 112.890625 11.2890625 0.0 4.79409332501801
