5.5 1.5 16 4.0078125 1.181640625 3.884765625 0.0 3.63679773667279 0.03976604651739
6.0 1.5 16 7.84765625 31.07421875 7.84765625 0.0 3.42300578787843 0.05199626912148
6.5 1.5 16 10.6328125 158.1640625 9.8046875 0.0 4.50120739562896 0.05920593217286
7.0 1.5 16 10.09375 158.171875 10.09375 0.0 4.61880352721907 0.05958723666215
7.5 1.5 16 10.4140625 165.3125 10.4140625 0.0 4.66817539461567 0.05967516969977
8.0 1.5 16 10.7890625 172.2578125 10.7890625 0.0 4.70847683529678 0.05950465273649
8.5 1.5 16 10.8203125 172.6875 10.8203125 0.0 4.74082304227643 0.05895541238345
9.0 1.5 16 11.1484375 177.6640625 11.1484375 0.0 4.7710906532534 0.05875410706905
9.5 1.5 16 11.4609375 183.0546875 11.4609375 0.0 4.80025125570776 0.05943453019682
10.0 1.5 16 11.6875 186.7734375 11.6875 0.0 4.83564424817262 0.05933133699715
10.5 1.5 16 12.1796875 194.296875 12.1796875 0.0 4.86851722383582 0.05879815050762
11.0 1.5 16 12.4140625 198.390625 12.4140625 0.0 4.89898947343053 0.05771411086722
11.5 1.5 16 12.578125 201.0859375 12.578125 0.0 4.92921614235569 0.05792167507531
12.0 1.5 16 12.8203125 204.8828125 12.8203125 0.0 4.96317957636715 0.05760778267771
12.5 1.5 16 12.9140625 206.53125 12.9140625 0.0 4.99753690485494 0.05722923019605
13.0 1.5 16 13.1640625 210.2890625 13.1640625 0.0 5.03179793667674 0.05614035446962
13.5 1.5 16 13.3515625 213.4375 13.3515625 0.0 5.06126479610302 0.05549498337969
14.0 1.5 16 13.375 213.9765625 13.375 0.0 5.09991258324361 0.05524722675915
14.5 1.5 16 13.5859375 217.1640625 13.5859375 0.0 5.12660503918674 0.05573010264196
15.0 1.5 16 13.9375 222.6484375 13.9375 0.0 5.15961213237457 0.05588083845358
15.5 1.5 16 14.1796875 226.6328125 14.1796875 0.0 5.19009346177788 0.05626951907419
16.0 1.5 16 14.265625 228.1640625 14.265625 0.0 5.21940836882142 0.05630532512022
16.5 1.5 16 14.375 229.890625 14.375 0.0 5.25011533941473 0.05642859134059
17.0 1.5 16 14.59375 233.1875 14.59375 0.0 5.28019131916571 0.05651826562352
17.5 1.5 16 14.8828125 237.8125 14.8828125 0.0 5.3168647653183 0.05623440072128
18.0 1.5 16 15.0703125 240.9375 15.0703125 0.0 5.33416171174429 0.05582101666546
18.5 1.5 16 15.296875 244.5234375 15.296875 0.0 5.36580500963564 0.05569671588491
19.0 1.5 16 15.4453125 246.9765625 15.4453125 0.0 5.382943477357 0.05580390746358
19.5 1.5 16 15.59375 249.3515625 15.59375 0.0 5.41668707730592 0.05525080829156
20.0 1.5 16 15.78125 252.3125 15.78125 0.0 5.43315603079182 0.05421768066825
5.5 2.0 16 4.28515625 1.66796875 4.28515625 0.0 3.99896636810361 0.01359994201058
6.0 2.0 16 7.5 31.44140625 7.5 0.0 3.71273994610796 0.02434903646273
6.5 2.0 16 11.4765625 155.25390625 10.6484375 0.0 4.61026090692467 0.02665627046033
7.0 2.0 16 10.4765625 160.921875 10.0234375 0.0 4.59130548702833 0.0237374030486
7.5 2.0 16 10.109375 161.6640625 10.109375 0.0 4.65856557335992 0.02204600142469
8.0 2.0 16 10.2578125 163.9765625 10.2578125 0.0 4.69042279700484 0.02110090409794
8.5 2.0 16 10.5078125 167.875 10.5078125 0.0 4.71572657032329 0.02130115019765
9.0 2.0 16 10.84375 173.1640625 10.84375 0.0 4.75234388950202 0.02093939569235
9.5 2.0 16 11.1171875 177.6015625 11.1171875 0.0 4.7821176613107 0.02093646537533
10.0 2.0 16 11.4140625 182.328125 11.4140625 0.0 4.81204045080408 0.01898634615594
10.5 2.0 16 11.8828125 186.5703125 11.8828125 0.0 4.8514011090665 0.01727102660818
11.0 2.0 16 12.21875 195.1796875 12.21875 0.0 4.88053461816198 0.01584324639232
11.5 2.0 16 12.21875 195.5 12.21875 0.0 4.91280547213361 0.01550181862671
12.0 2.0 16 12.4296875 198.6640625 12.4296875 0.0 4.94325280858233 0.01439650523621
12.5 2.0 16 12.5703125 200.984375 12.5703125 0.0 4.97012304858817 0.01300299182493
13.0 2.0 16 13.0625 207.6796875 13.0625 0.0 5.00804725625208 0.01212391040093
13.5 2.0 16 13.328125 212.6015625 13.328125 0.0 5.03725080909218 0.01100668073064
14.0 2.0 16 13.453125 215.125 13.453125 0.0 5.06988878621047 0.01009667553642
14.5 2.0 16 13.6015625 217.4765625 13.6015625 0.0 5.10104534065624 0.00951593371596
15.0 2.0 16 13.6015625 217.625 13.6015625 0.0 5.12250214392625 0.00905560194366
15.5 2.0 16 13.765625 220.0859375 13.765625 0.0 5.1665896442674 0.00850428294135
16.0 2.0 16 13.9140625 222.4765625 13.9140625 0.0 5.19677681262615 0.00816923434354
16.5 2.0 16 14.0546875 224.734375 14.0546875 0.0 5.22437185148742 0.00891405872415
17.0 2.0 16 14.6015625 230.5078125 14.6015625 0.0 5.24622888161856 0.01014472674457
17.5 2.0 16 14.8984375 238.0859375 14.8984375 0.0 5.282866504579 0.01019057130249
18.0 2.0 16 15.0078125 240.015625 15.0078125 0.0 5.29410725002425 0.00997531320871
18.5 2.0 16 15.296875 243.6875 15.296875 0.0 5.32415637381945 0.01007965278214
19.0 2.0 16 15.6171875 249.5625 15.6171875 0.0 5.34663930570836 0.01049090481502
19.5 2.0 16 15.75 251.8671875 15.75 0.0 5.37903855750907 0.01011092177409
20.0 2.0 16 15.890625 254.109375 15.890625 0.0 5.389164198813 0.00960372678145
5.5 2.5 16 4.0078125 1.009765625 3.892578125 0.0 3.60265338902105 0.0187112715989
6.0 2.5 16 6.765625 27.6187744140625 6.765625 0.0 3.4872956526441 0.02348798780105
6.5 2.5 16 10.9921875 160.359375 10.6171875 0.0 4.45288579349264 0.02737335028567
7.0 2.5 16 10.6171875 169.203125 10.6015625 0.0 4.58379878721607 0.02513099308041
7.5 2.5 15 10.8203125 161.6328125 10.8203125 0.0 4.62145606537522 0.02343535451121
8.0 2.5 16 10.859375 173.6796875 10.859375 0.0 4.6627615897908 0.02166242601619
8.5 2.5 16 11.1015625 177.3828125 11.1015625 0.0 4.70326000693663 0.02153330193152
9.0 2.5 16 11.390625 181.9609375 11.390625 0.0 4.74738520994691 0.02061582821405
