1.5 1.5 30 4.09765625 3.138671875 2.552734375 0.0
1.5 2.0 30 4.09765625 2.7734375 2.767578125 0.0
1.5 2.5 30 4.09765625 2.681640625 2.978515625 0.0
1.5 3.0 30 4.09765625 2.291015625 2.673828125 0.0
1.5 3.5 30 4.09765625 1.998046875 2.650390625 0.0
1.5 4.0 29 4.09765625 1.921875 2.998046875 0.0
1.5 4.5 30 4.09765625 1.8125 2.673828125 0.0
1.5 5.0 29 4.09765625 1.689453125 3.373046875 0.0
1.5 5.5 29 4.09765625 1.568359375 3.419921875 0.0
1.5 6.0 29 4.09765625 1.640625 3.587890625 0.0
2.0 1.5 30 4.09765625 3.185546875 3.60546875 0.0
2.0 2.0 29 4.09765625 2.744140625 3.220703125 0.0
2.0 2.5 30 4.09765625 2.6953125 2.796875 0.0
2.0 3.0 31 4.09765625 2.447265625 2.716796875 0.0
2.0 3.5 31 4.09765625 2.345703125 2.626953125 0.0
2.0 4.0 31 4.09765625 2.072265625 2.73828125 0.0
2.0 4.5 31 4.09765625 1.884765625 2.748046875 0.0
2.0 5.0 30 4.09765625 1.79296875 3.177734375 0.0
2.0 5.5 30 4.09765625 1.6640625 2.7578125 0.0
2.0 6.0 31 4.09765625 1.505859375 2.705078125 0.0
2.5 1.5 30 4.09765625 3.521484375 2.701171875 0.0
2.5 2.0 30 4.09765625 3.107421875 2.927734375 0.0
2.5 2.5 31 4.09765625 2.884765625 2.630859375 0.0
2.5 3.0 31 4.09765625 2.4296875 2.70703125 0.0
2.5 3.5 30 4.09765625 2.17578125 3.158203125 0.0
2.5 4.0 30 4.09765625 1.9140625 2.865234375 0.0
2.5 4.5 30 4.09765625 1.748046875 2.65625 0.0
2.5 5.0 31 4.09765625 1.7578125 2.544921875 0.0
2.5 5.5 31 4.09765625 1.84375 2.552734375 0.0
2.5 6.0 31 4.09765625 1.583984375 2.625 0.0
3.0 1.5 30 4.09765625 3.57421875 2.7890625 0.0
3.0 2.0 30 4.09765625 2.921875 2.8203125 0.0
3.0 2.5 30 4.09765625 2.62890625 2.73828125 0.0
3.0 3.0 30 4.09765625 2.546875 2.833984375 0.0
3.0 3.5 31 4.09765625 2.134765625 2.671875 0.0
3.0 4.0 30 4.09765625 2.0078125 2.59765625 0.0
3.0 4.5 30 4.09765625 1.828125 2.958984375 0.0
3.0 5.0 30 4.09765625 1.806640625 2.689453125 0.0
3.0 5.5 30 4.09765625 1.68359375 2.685546875 0.0
3.0 6.0 30 4.09765625 1.669921875 2.6796875 0.0
3.5 1.5 30 4.09765625 3.505859375 2.81640625 0.0
3.5 2.0 31 4.09765625 3.01171875 3.087890625 0.0
3.5 2.5 31 4.09765625 3.0 2.615234375 0.0
3.5 3.0 31 4.09765625 2.57421875 2.65234375 0.0
3.5 3.5 30 4.09765625 2.251953125 2.748046875 0.0
3.5 4.0 30 4.09765625 2.109375 2.681640625 0.0
3.5 4.5 30 4.09765625 1.8515625 2.6015625 0.0
3.5 5.0 30 4.09765625 1.591796875 2.810546875 0.0
3.5 5.5 30 4.09765625 1.55078125 2.779296875 0.0
3.5 6.0 30 4.09765625 1.46875 2.759765625 0.0
4.0 1.5 30 4.09765625 3.537109375 2.845703125 0.0
4.0 2.0 30 4.09765625 3.19140625 2.701171875 0.0
4.0 2.5 30 4.09765625 2.619140625 2.921875 0.0
4.0 3.0 31 4.09765625 2.626953125 2.732421875 0.0
4.0 3.5 30 4.09765625 1.96484375 2.830078125 0.0
4.0 4.0 30 4.09765625 1.818359375 2.916015625 0.0
4.0 4.5 30 4.09765625 1.845703125 2.681640625 0.0
4.0 5.0 30 4.09765625 1.748046875 2.650390625 0.0
4.0 5.5 31 4.09765625 1.869140625 2.60546875 0.0
4.0 6.0 30 4.09765625 1.69921875 2.962890625 0.0
4.5 1.5 31 4.09765625 3.890625 2.77734375 0.0
4.5 2.0 31 4.09765625 3.138671875 2.822265625 0.0
4.5 2.5 31 4.09765625 2.927734375 2.79296875 0.0
4.5 3.0 30 4.09765625 2.626953125 2.884765625 0.0
4.5 3.5 31 4.09765625 2.34765625 2.744140625 0.0
4.5 4.0 30 4.09765625 1.982421875 2.71875 0.0
4.5 4.5 30 4.09765625 1.884765625 2.943359375 0.0
4.5 5.0 30 4.09765625 1.59375 3.43359375 0.0
4.5 5.5 30 4.09765625 1.6875 3.376953125 0.0
4.5 6.0 29 4.09765625 1.39453125 3.392578125 0.0
5.0 1.5 30 4.09765625 3.3515625 3.5 0.0
5.0 2.0 29 4.09765625 2.7578125 3.48046875 0.0
5.0 2.5 29 4.09765625 2.431640625 3.423828125 0.0
5.0 3.0 29 4.09765625 2.24609375 3.498046875 0.0
5.0 3.5 29 4.09765625 2.26171875 3.447265625 0.0
5.0 4.0 29 4.09765625 1.845703125 3.421875 0.0
5.0 4.5 29 4.09765625 1.783203125 3.427734375 0.0
5.0 5.0 29 4.09765625 1.671875 3.421875 0.0
5.0 5.5 30 4.09765625 1.728515625 3.52734375 0.0
5.0 6.0 29 4.09765625 1.611328125 3.447265625 0.0
5.5 1.5 29 4.09765625 3.078125 3.55859375 0.0
5.5 2.0 29 4.09765625 2.677734375 3.537109375 0.0
5.5 2.5 30 4.09765625 2.509765625 3.482421875 0.0
5.5 3.0 30 4.09765625 2.41015625 3.58203125 0.0
5.5 3.5 29 4.09765625 2.033203125 3.5546875 0.0
5.5 4.0 29 4.09765625 1.828125 3.609375 0.0
5.5 4.5 29 4.09765625 1.9453125 3.505859375 0.0
5.5 5.0 29 4.09765625 1.59375 3.458984375 0.0
5.5 5.5 30 4.09765625 1.5546875 3.41796875 0.0
5.5 6.0 29 4.09765625 1.455078125 3.458984375 0.0
6.0 1.5 29 4.09765625 3.1875 3.5625 0.0
6.0 2.0 29 4.09765625 2.77734375 3.51171875 0.0
6.0 2.5 30 4.09765625 2.52734375 3.44921875 0.0
6.0 3.0 29 4.09765625 2.43359375 3.462890625 0.0
6.0 3.5 30 4.09765625 2.041015625 2.8203125 0.0
6.0 4.0 29 4.09765625 1.7578125 3.474609375 0.0
6.0 4.5 29 4.09765625 1.912109375 3.451171875 0.0
6.0 5.0 29 4.09765625 1.6328125 3.466796875 0.0
6.0 5.5 30 4.09765625 1.58984375 3.505859375 0.0
6.0 6.0 29 4.09765625 1.478515625 3.521484375 0.0
6.5 1.5 29 4.09765625 3.28125 3.455078125 0.0
6.5 2.0 29 4.09765625 2.771484375 3.619140625 0.0
6.5 2.5 29 4.09765625 2.5859375 3.56640625 0.0
6.5 3.0 30 4.09765625 2.341796875 3.546875 0.0
6.5 3.5 29 4.09765625 1.87109375 3.5625 0.0
6.5 4.0 30 4.09765625 1.8671875 3.435546875 0.0
6.5 4.5 29 4.09765625 1.7265625 3.408203125 0.0
6.5 5.0 30 4.09765625 1.58203125 3.412109375 0.0
6.5 5.5 29 4.09765625 1.70703125 3.33203125 0.0
6.5 6.0 30 4.09765625 1.685546875 2.705078125 0.0
7.0 1.5 30 4.09765625 3.455078125 3.39453125 0.0
7.0 2.0 30 4.09765625 3.22265625 2.748046875 0.0
7.0 2.5 29 4.09765625 2.5234375 3.4140625 0.0
7.0 3.0 29 4.09765625 2.32421875 3.361328125 0.0
7.0 3.5 30 4.09765625 2.0546875 2.806640625 0.0
7.0 4.0 30 4.09765625 2.009765625 2.77734375 0.0
7.0 4.5 30 4.09765625 1.77734375 2.779296875 0.0
7.0 5.0 30 4.09765625 1.8515625 2.69140625 0.0
7.0 5.5 29 4.09765625 1.57421875 3.384765625 0.0
7.0 6.0 30 4.09765625 1.443359375 3.291015625 0.0
7.5 1.5 30 4.09765625 3.646484375 2.806640625 0.0
7.5 2.0 30 4.09765625 3.005859375 3.443359375 0.0
7.5 2.5 29 4.09765625 2.48046875 3.380859375 0.0
7.5 3.0 30 4.09765625 2.32421875 3.091796875 0.0
7.5 3.5 30 4.09765625 2.4765625 2.740234375 0.0
7.5 4.0 29 4.09765625 1.91015625 3.328125 0.0
7.5 4.5 30 4.09765625 2.94140625 2.927734375 0.0
7.5 5.0 30 4.09765625 2.57421875 2.7890625 0.0
7.5 5.5 29 4.09765625 1.55078125 3.33203125 0.0
7.5 6.0 29 4.09765625 1.4375 3.396484375 0.0
8.0 1.5 30 4.09765625 3.330078125 3.32421875 0.0
8.0 2.0 30 4.09765625 3.306640625 2.806640625 0.0
8.0 2.5 29 4.09765625 2.427734375 3.404296875 0.0
8.0 3.0 29 4.09765625 2.21875 3.35546875 0.0
8.0 3.5 29 4.09765625 2.16015625 3.2421875 0.0
8.0 4.0 30 4.09765625 1.955078125 3.25 0.0
8.0 4.5 29 4.09765625 1.57421875 3.3046875 0.0
8.0 5.0 29 4.09765625 1.548828125 3.36328125 0.0
8.0 5.5 29 4.09765625 1.693359375 3.30859375 0.0
8.0 6.0 30 4.09765625 1.5625 3.3984375 0.0
8.5 1.5 29 4.09765625 3.103515625 3.583984375 0.0
8.5 2.0 29 4.09765625 2.931640625 3.486328125 0.0
8.5 2.5 30 4.09765625 2.611328125 3.154296875 0.0
8.5 3.0 30 4.09765625 2.705078125 2.744140625 0.0
8.5 3.5 30 4.09765625 2.51953125 2.767578125 0.0
8.5 4.0 30 4.09765625 1.958984375 2.908203125 0.0
8.5 4.5 30 4.09765625 1.958984375 2.6953125 0.0
8.5 5.0 29 4.09765625 1.609375 3.5234375 0.0
8.5 5.5 30 4.09765625 1.521484375 3.490234375 0.0
8.5 6.0 29 4.09765625 1.55078125 3.533203125 0.0
9.0 1.5 29 4.09765625 3.072265625 3.599609375 0.0
9.0 2.0 29 4.09765625 2.703125 3.53125 0.0
9.0 2.5 30 4.09765625 2.65234375 3.49609375 0.0
9.0 3.0 29 4.09765625 2.22265625 3.591796875 0.0
9.0 3.5 29 4.09765625 2.166015625 3.548828125 0.0
9.0 4.0 29 4.09765625 2.11328125 3.541015625 0.0
9.0 4.5 30 4.09765625 1.759765625 3.587890625 0.0
9.0 5.0 30 4.09765625 1.591796875 3.544921875 0.0
9.0 5.5 29 4.09765625 1.47265625 3.537109375 0.0
9.0 6.0 29 4.09765625 1.451171875 3.49609375 0.0
9.5 1.5 30 4.09765625 3.345703125 3.56640625 0.0
9.5 2.0 29 4.09765625 2.771484375 3.595703125 0.0
9.5 2.5 29 4.09765625 2.6328125 3.513671875 0.0
9.5 3.0 29 4.09765625 2.203125 3.53515625 0.0
9.5 3.5 29 4.09765625 2.09375 3.490234375 0.0
9.5 4.0 29 4.09765625 1.9140625 3.44140625 0.0
9.5 4.5 30 4.09765625 1.65625 3.3984375 0.0
9.5 5.0 29 4.09765625 1.69921875 3.490234375 0.0
9.5 5.5 30 4.09765625 1.6015625 3.435546875 0.0
9.5 6.0 29 4.09765625 1.47265625 3.458984375 0.0
10.0 1.5 29 4.09765625 3.181640625 3.611328125 0.0
10.0 2.0 29 4.09765625 2.736328125 3.60546875 0.0
10.0 2.5 29 4.09765625 2.40234375 3.537109375 0.0
10.0 3.0 29 4.09765625 2.232421875 3.490234375 0.0
10.0 3.5 29 4.09765625 2.099609375 3.5234375 0.0
10.0 4.0 29 4.09765625 1.751953125 3.51953125 0.0
10.0 4.5 29 4.09765625 1.693359375 3.462890625 0.0
10.0 5.0 29 4.09765625 1.615234375 3.451171875 0.0
10.0 5.5 30 4.09765625 1.748046875 3.462890625 0.0
10.0 6.0 29 4.09765625 1.453125 3.458984375 0.0
10.5 1.5 29 4.09765625 3.130859375 3.50390625 0.0
10.5 2.0 29 4.09765625 2.9140625 3.533203125 0.0
10.5 2.5 30 4.09765625 2.455078125 3.52734375 0.0
10.5 3.0 29 4.09765625 2.2578125 3.5546875 0.0
10.5 3.5 29 4.09765625 2.0234375 3.46484375 0.0
10.5 4.0 30 4.09765625 1.853515625 3.466796875 0.0
10.5 4.5 29 4.09765625 1.630859375 3.40625 0.0
10.5 5.0 29 4.09765625 1.564453125 3.328125 0.0
10.5 5.5 30 4.09765625 1.591796875 3.390625 0.0
10.5 6.0 30 4.09765625 1.658203125 3.37890625 0.0
11.0 1.5 30 4.09765625 5.541015625 3.056640625 0.0
11.0 2.0 30 4.09765625 3.314453125 2.9140625 0.0
11.0 2.5 31 4.09765625 7.693359375 3.91796875 0.0
11.0 3.0 30 4.09765625 3.87890625 2.861328125 0.0
11.0 3.5 30 4.09765625 2.611328125 2.75 0.0
11.0 4.0 30 4.09765625 1.845703125 3.37109375 0.0
11.0 4.5 30 4.09765625 1.73046875 3.298828125 0.0
11.0 5.0 30 4.09765625 1.9453125 2.81640625 0.0
11.0 5.5 30 4.09765625 1.619140625 3.3046875 0.0
11.0 6.0 30 4.09765625 1.67578125 2.71484375 0.0
11.5 1.5 30 4.09765625 3.306640625 3.390625 0.0
11.5 2.0 30 4.09765625 3.3359375 2.84375 0.0
11.5 2.5 30 4.09765625 2.982421875 2.830078125 0.0
11.5 3.0 30 4.09765625 2.384765625 3.388671875 0.0
11.5 3.5 30 4.09765625 2.197265625 3.072265625 0.0
11.5 4.0 31 4.09765625 3.58203125 2.8984375 0.0
11.5 4.5 30 4.09765625 1.908203125 2.724609375 0.0
11.5 5.0 29 4.09765625 1.603515625 3.33984375 0.0
11.5 5.5 29 4.09765625 1.51171875 3.380859375 0.0
11.5 6.0 30 4.09765625 2.40234375 2.728515625 0.0
12.0 1.5 30 4.09765625 3.267578125 3.033203125 0.0
12.0 2.0 30 4.09765625 2.908203125 3.5234375 0.0
12.0 2.5 29 4.09765625 2.541015625 3.4375 0.0
12.0 3.0 30 4.09765625 2.4453125 2.85546875 0.0
12.0 3.5 29 4.09765625 2.115234375 3.408203125 0.0
12.0 4.0 30 4.09765625 1.93359375 3.423828125 0.0
12.0 4.5 30 4.09765625 1.8125 3.537109375 0.0
12.0 5.0 29 4.09765625 1.73046875 3.408203125 0.0
12.0 5.5 30 4.09765625 1.556640625 3.427734375 0.0
12.0 6.0 29 4.09765625 1.4140625 3.44921875 0.0
12.5 1.5 29 4.09765625 3.15234375 3.52734375 0.0
12.5 2.0 29 4.09765625 2.880859375 3.513671875 0.0
12.5 2.5 30 4.09765625 2.689453125 3.474609375 0.0
12.5 3.0 29 4.09765625 2.3671875 3.42578125 0.0
12.5 3.5 30 4.09765625 2.2578125 2.763671875 0.0
12.5 4.0 29 4.09765625 1.880859375 3.4140625 0.0
12.5 4.5 29 4.09765625 1.92578125 3.513671875 0.0
12.5 5.0 30 4.09765625 1.7578125 3.466796875 0.0
12.5 5.5 29 4.09765625 1.609375 3.412109375 0.0
12.5 6.0 30 4.09765625 1.513671875 2.953125 0.0
13.0 1.5 30 4.09765625 3.2109375 2.96875 0.0
13.0 2.0 30 4.09765625 2.86328125 3.392578125 0.0
13.0 2.5 29 4.09765625 2.49609375 3.501953125 0.0
13.0 3.0 29 4.09765625 2.3125 3.419921875 0.0
13.0 3.5 30 4.09765625 2.08984375 3.435546875 0.0
13.0 4.0 29 4.09765625 1.9921875 3.5 0.0
13.0 4.5 29 4.09765625 1.63671875 3.51953125 0.0
13.0 5.0 29 4.09765625 1.724609375 3.6171875 0.0
13.0 5.5 29 4.09765625 1.6796875 3.48828125 0.0
13.0 6.0 29 99.0 454.375 99.0 0.0
13.5 1.5 29 4.09765625 3.216796875 3.501953125 0.0
13.5 2.0 30 4.09765625 2.853515625 3.490234375 0.0
13.5 2.5 29 4.09765625 2.501953125 3.47265625 0.0
13.5 3.0 29 4.09765625 2.302734375 3.46875 0.0
13.5 3.5 29 4.09765625 1.98828125 3.498046875 0.0
13.5 4.0 29 4.09765625 1.90625 3.43359375 0.0
13.5 4.5 29 4.09765625 1.79296875 3.4375 0.0
13.5 5.0 29 4.09765625 1.5546875 2.9375 0.0
13.5 5.5 30 4.09765625 1.521484375 2.9921875 0.0
13.5 6.0 29 99.0 535.833984375 99.0 0.0
14.0 1.5 30 4.09765625 3.234375 3.49609375 0.0
14.0 2.0 29 4.09765625 2.78515625 3.181640625 0.0
14.0 2.5 31 4.09765625 3.86328125 2.95703125 0.0
14.0 3.0 31 4.33203125 9.2265625 4.33203125 0.0
14.0 3.5 31 4.09765625 6.03515625 3.548828125 0.0
14.0 4.0 30 4.09765625 2.455078125 2.724609375 0.0
14.0 4.5 30 4.09765625 1.853515625 3.318359375 0.0
14.0 5.0 30 4.09765625 1.865234375 3.3515625 0.0
14.0 5.5 30 99.0 583.490234375 99.0 0.0
14.0 6.0 29 99.0 258.7890625 99.0 0.0
14.5 1.5 29 4.09765625 3.140625 3.501953125 0.0
14.5 2.0 30 4.09765625 3.876953125 2.908203125 0.0
14.5 2.5 30 4.09765625 3.298828125 2.859375 0.0
14.5 3.0 30 4.09765625 2.439453125 3.30078125 0.0
14.5 3.5 30 4.09765625 2.2734375 2.775390625 0.0
14.5 4.0 31 4.09765625 6.056640625 3.294921875 0.0
14.5 4.5 30 4.09765625 1.779296875 3.36328125 0.0
14.5 5.0 30 4.09765625 1.607421875 3.3671875 0.0
14.5 5.5 29 99.0 439.8515625 99.0 0.0
14.5 6.0 30 99.0 105.92578125 99.0 0.0
15.0 1.5 29 4.09765625 3.09765625 3.462890625 0.0
15.0 2.0 30 4.09765625 4.41796875 2.931640625 0.0
15.0 2.5 30 4.09765625 2.67578125 3.32421875 0.0
15.0 3.0 30 4.09765625 2.212890625 3.01953125 0.0
15.0 3.5 30 4.09765625 2.7265625 2.7734375 0.0
15.0 4.0 29 4.09765625 2.02734375 3.326171875 0.0
15.0 4.5 30 4.09765625 2.0703125 2.806640625 0.0
15.0 5.0 29 4.09765625 1.599609375 3.3125 0.0
15.0 5.5 30 99.0 358.916015625 99.0 0.0
15.0 6.0 30 99.0 187.984375 99.0 0.0
15.5 1.5 30 4.09765625 3.70703125 2.90625 0.0
15.5 2.0 29 4.09765625 2.93359375 3.369140625 0.0
15.5 2.5 30 4.09765625 2.67578125 3.33984375 0.0
15.5 3.0 30 4.09765625 4.51171875 3.173828125 0.0
15.5 3.5 30 4.09765625 6.611328125 3.658203125 0.0
15.5 4.0 30 4.09765625 2.7578125 2.74609375 0.0
15.5 4.5 30 4.09765625 2.099609375 2.71484375 0.0
15.5 5.0 30 99.0 410.80859375 99.0 0.0
15.5 5.5 30 99.0 99.75390625 99.0 0.0
15.5 6.0 30 99.0 93.98828125 99.0 0.0
16.0 1.5 30 4.09765625 3.533203125 3.203125 0.0
16.0 2.0 30 4.09765625 4.087890625 2.96484375 0.0
16.0 2.5 30 4.09765625 2.544921875 3.140625 0.0
16.0 3.0 31 4.09765625 4.287109375 2.943359375 0.0
16.0 3.5 30 4.09765625 2.119140625 2.921875 0.0
16.0 4.0 30 4.09765625 2.3359375 2.71484375 0.0
16.0 4.5 30 4.09765625 2.5546875 2.794921875 0.0
16.0 5.0 31 99.0 218.783203125 99.0 0.0
16.0 5.5 29 99.0 211.345703125 99.0 0.0
16.0 6.0 29 99.0 184.419921875 99.0 0.0
16.5 1.5 29 4.09765625 3.150390625 3.640625 0.0
16.5 2.0 29 4.09765625 2.61328125 3.544921875 0.0
16.5 2.5 29 4.09765625 2.58203125 3.580078125 0.0
16.5 3.0 30 4.09765625 2.171875 3.173828125 0.0
16.5 3.5 30 4.09765625 2.734375 2.861328125 0.0
16.5 4.0 30 4.09765625 3.908203125 3.0390625 0.0
16.5 4.5 31 4.09765625 4.068359375 3.1875 0.0
16.5 5.0 30 99.0 271.06640625 99.0 0.0
16.5 5.5 30 99.0 101.177734375 99.0 0.0
16.5 6.0 30 99.0 152.408203125 99.0 0.0
17.0 1.5 30 4.09765625 3.443359375 3.373046875 0.0
17.0 2.0 30 4.09765625 2.921875 3.40625 0.0
17.0 2.5 30 4.09765625 2.607421875 3.35546875 0.0
17.0 3.0 30 4.09765625 2.30078125 3.359375 0.0
17.0 3.5 30 4.09765625 2.158203125 3.3359375 0.0
17.0 4.0 30 4.09765625 1.94140625 3.283203125 0.0
17.0 4.5 30 4.09765625 3.548828125 4.09375 0.0
17.0 5.0 30 99.0 245.400390625 99.0 0.0
17.0 5.5 30 99.0 210.390625 99.0 0.0
17.0 6.0 30 99.0 172.615234375 99.0 0.0
17.5 1.5 30 4.09765625 3.3359375 3.359375 0.0
17.5 2.0 29 4.09765625 2.736328125 3.001953125 0.0
17.5 2.5 30 4.09765625 9.1875 4.0078125 0.0
17.5 3.0 30 4.09765625 4.876953125 3.119140625 0.0
17.5 3.5 30 4.09765625 2.173828125 2.962890625 0.0
17.5 4.0 31 4.09765625 2.87890625 2.818359375 0.0
17.5 4.5 30 99.0 280.244140625 99.0 0.0
17.5 5.0 31 99.0 109.787109375 99.0 0.0
17.5 5.5 31 99.0 89.8515625 99.0 0.0
17.5 6.0 30 99.0 150.99609375 99.0 0.0
18.0 1.5 30 4.09765625 4.560546875 2.958984375 0.0
18.0 2.0 30 4.09765625 3.646484375 2.908203125 0.0
18.0 2.5 30 4.09765625 2.568359375 3.36328125 0.0
18.0 3.0 31 4.09765625 4.802734375 3.0625 0.0
18.0 3.5 30 4.09765625 2.337890625 3.060546875 0.0
18.0 4.0 31 4.09765625 5.3359375 3.3828125 0.0
18.0 4.5 30 99.0 374.15625 99.0 0.0
18.0 5.0 31 99.0 110.09375 99.0 0.0
18.0 5.5 31 99.0 19.296875 99.0 0.0
18.0 6.0 31 99.0 39.73828125 99.0 0.0
18.5 1.5 31 16.953125 201.1259765625 16.953125 0.0
18.5 2.0 31 16.875 195.289764404297 16.875 0.0
18.5 2.5 31 16.953125 181.5263671875 16.953125 0.0
18.5 3.0 31 17.25 176.822998046875 17.25 0.0
18.5 3.5 31 18.390625 179.109375 18.390625 0.0
18.5 4.0 31 17.859375 166.197265625 17.75 0.0
18.5 4.5 31 99.0 109.935546875 99.0 0.0
18.5 5.0 31 99.0 20.66796875 99.0 0.0
18.5 5.5 31 99.0 40.619140625 99.0 0.0
18.5 6.0 31 99.0 17.36328125 99.0 0.0
19.0 1.5 31 16.84375 208.2939453125 16.640625 0.0
19.0 2.0 31 17.1875 195.535400390625 17.1875 0.0
19.0 2.5 31 17.9375 187.173828125 17.9375 0.0
19.0 3.0 31 17.953125 180.24853515625 17.84375 0.0
19.0 3.5 31 18.171875 182.7587890625 18.09375 0.0
19.0 4.0 31 99.0 605.10546875 99.0 0.0
19.0 4.5 31 99.0 33.67578125 99.0 0.0
19.0 5.0 31 99.0 48.8046875 99.0 0.0
19.0 5.5 31 99.0 99.32421875 99.0 0.0
19.0 6.0 31 99.0 75.42578125 99.0 0.0
19.5 1.5 31 17.984375 206.38427734375 17.875 0.0
19.5 2.0 31 17.59375 191.2607421875 17.46875 0.0
19.5 2.5 31 17.953125 180.3427734375 17.953125 0.0
19.5 3.0 31 18.5 171.1416015625 18.5 0.0
19.5 3.5 31 17.90625 172.836364746094 17.859375 0.0
19.5 4.0 31 99.0 133.22265625 99.0 0.0
19.5 4.5 31 99.0 16.72265625 99.0 0.0
19.5 5.0 31 99.0 53.2890625 99.0 0.0
19.5 5.5 31 99.0 101.56640625 99.0 0.0
19.5 6.0 31 99.0 73.80078125 99.0 0.0
20.0 1.5 31 17.421875 200.52001953125 17.234375 0.0
20.0 2.0 31 17.078125 194.6640625 17.078125 0.0
20.0 2.5 31 18.640625 192.91796875 18.640625 0.0
20.0 3.0 31 19.15625 184.6328125 19.140625 0.0
20.0 3.5 31 18.140625 180.28564453125 18.0625 0.0
20.0 4.0 31 99.0 103.783203125 99.0 0.0
20.0 4.5 31 99.0 18.5703125 99.0 0.0
20.0 5.0 31 99.0 81.76171875 99.0 0.0
20.0 5.5 31 99.0 86.70703125 99.0 0.0
20.0 6.0 31 99.0 17.55078125 99.0 0.0
20.5 1.5 31 17.34375 213.4677734375 17.34375 0.0
20.5 2.0 31 17.296875 201.60888671875 17.265625 0.0
20.5 2.5 31 17.25 195.51806640625 17.21875 0.0
20.5 3.0 31 18.90625 196.0947265625 18.90625 0.0
20.5 3.5 31 18.21875 181.5107421875 18.21875 0.0
20.5 4.0 31 99.0 110.359375 99.0 0.0
20.5 4.5 31 99.0 29.3125 99.0 0.0
20.5 5.0 31 99.0 86.33203125 99.0 0.0
20.5 5.5 31 99.0 57.36328125 99.0 0.0
20.5 6.0 31 99.0 76.58203125 99.0 0.0
21.0 1.5 31 17.3125 209.0263671875 17.3125 0.0
21.0 2.0 31 18.03125 203.82958984375 18.03125 0.0
21.0 2.5 31 18.734375 192.9228515625 18.734375 0.0
21.0 3.0 31 20.328125 192.9638671875 20.328125 0.0
21.0 3.5 31 19.46875 177.9482421875 19.46875 0.0
21.0 4.0 31 99.0 101.74609375 99.0 0.0
21.0 4.5 31 99.0 34.15234375 99.0 0.0
21.0 5.0 31 99.0 97.87890625 99.0 0.0
21.0 5.5 31 99.0 64.05078125 99.0 0.0
21.0 6.0 31 99.0 51.76953125 99.0 0.0
21.5 1.5 32 17.875 230.52978515625 17.65625 0.0
21.5 2.0 31 18.359375 211.77783203125 18.09375 0.0
21.5 2.5 31 19.359375 197.671875 19.359375 0.0
21.5 3.0 31 18.859375 193.061645507813 18.859375 0.0
21.5 3.5 31 99.0 1099.37329101563 99.0 0.0
21.5 4.0 31 99.0 50.060546875 99.0 0.0
21.5 4.5 31 99.0 36.3203125 99.0 0.0
21.5 5.0 31 99.0 90.36328125 99.0 0.0
21.5 5.5 31 99.0 57.58203125 99.0 0.0
21.5 6.0 31 99.0 41.98828125 99.0 0.0
22.0 1.5 31 21.234375 238.461944580078 19.6875 0.0
22.0 2.0 31 18.578125 217.6201171875 17.75 0.0
22.0 2.5 31 18.640625 208.87060546875 18.640625 0.0
22.0 3.0 31 18.375 200.1171875 18.375 0.0
22.0 3.5 31 99.0 273.310546875 99.0 0.0
22.0 4.0 31 99.0 17.39453125 99.0 0.0
22.0 4.5 31 99.0 89.6328125 99.0 0.0
22.0 5.0 31 99.0 95.05078125 99.0 0.0
22.0 5.5 31 99.0 35.11328125 99.0 0.0
22.0 6.0 31 99.0 33.42578125 99.0 0.0
22.5 1.5 31 18.734375 226.01953125 18.734375 0.0
22.5 2.0 31 19.28125 227.08984375 19.125 0.0
22.5 2.5 31 18.875 205.7861328125 18.875 0.0
22.5 3.0 31 19.15625 204.76123046875 18.9375 0.0
22.5 3.5 31 99.0 149.306640625 99.0 0.0
22.5 4.0 31 99.0 18.318359375 99.0 0.0
22.5 4.5 31 99.0 64.34765625 99.0 0.0
22.5 5.0 31 99.0 17.287109375 99.0 0.0
22.5 5.5 31 99.0 28.966796875 99.0 0.0
22.5 6.0 31 99.0 16.73828125 99.0 0.0
23.0 1.5 31 19.140625 225.21923828125 18.453125 0.0
23.0 2.0 31 18.296875 210.110595703125 18.125 0.0
23.0 2.5 31 18.890625 212.369140625 18.890625 0.0
23.0 3.0 31 18.71875 194.86376953125 18.125 0.0
23.0 3.5 31 99.0 96.654296875 99.0 0.0
23.0 4.0 31 99.0 27.107421875 99.0 0.0
23.0 4.5 31 99.0 93.84765625 99.0 0.0
23.0 5.0 31 99.0 16.92578125 99.0 0.0
23.0 5.5 31 99.0 16.73828125 99.0 0.0
23.0 6.0 31 99.0 16.73828125 99.0 0.0
23.5 1.5 31 19.421875 233.336547851563 19.421875 0.0
23.5 2.0 31 18.890625 213.421875 18.796875 0.0
23.5 2.5 31 18.46875 211.8076171875 18.4375 0.0
23.5 3.0 31 18.171875 196.9853515625 18.171875 0.0
23.5 3.5 31 99.0 109.8046875 99.0 0.0
23.5 4.0 31 99.0 39.6953125 99.0 0.0
23.5 4.5 31 99.0 72.45703125 99.0 0.0
23.5 5.0 31 99.0 16.80078125 99.0 0.0
23.5 5.5 31 99.0 16.73828125 99.0 0.0
23.5 6.0 31 99.0 16.73828125 99.0 0.0
24.0 1.5 31 19.109375 225.35205078125 19.109375 0.0
24.0 2.0 31 19.1875 221.61328125 18.9375 0.0
24.0 2.5 31 18.1875 203.8466796875 18.171875 0.0
24.0 3.0 31 19.203125 202.369140625 19.203125 0.0
24.0 3.5 31 99.0 79.677734375 99.0 0.0
24.0 4.0 31 99.0 58.76171875 99.0 0.0
24.0 4.5 31 99.0 89.56640625 99.0 0.0
24.0 5.0 31 99.0 34.61328125 99.0 0.0
24.0 5.5 31 99.0 16.73828125 99.0 0.0
24.0 6.0 31 99.0 16.73828125 99.0 0.0
24.5 1.5 31 19.734375 237.337463378906 19.734375 0.0
24.5 2.0 31 19.171875 226.319580078125 19.171875 0.0
24.5 2.5 31 19.5625 208.462768554688 18.53125 0.0
24.5 3.0 31 19.203125 206.751953125 19.203125 0.0
24.5 3.5 31 99.0 16.509765625 99.0 0.0
24.5 4.0 31 99.0 81.81640625 99.0 0.0
24.5 4.5 31 99.0 64.08203125 99.0 0.0
24.5 5.0 31 99.0 26.36328125 99.0 0.0
24.5 5.5 31 99.0 16.73828125 99.0 0.0
24.5 6.0 31 99.0 16.73828125 99.0 0.0
25.0 1.5 31 20.125 238.580078125 19.6875 0.0
25.0 2.0 31 19.40625 227.482421875 19.09375 0.0
25.0 2.5 31 19.15625 212.802734375 19.15625 0.0
25.0 3.0 31 99.0 895.739570617676 99.0 0.0
25.0 3.5 31 99.0 16.62890625 99.0 0.0
25.0 4.0 31 99.0 107.48828125 99.0 0.0
25.0 4.5 31 99.0 23.80078125 99.0 0.0
25.0 5.0 31 99.0 53.11328125 99.0 0.0
25.0 5.5 31 99.0 16.73828125 99.0 0.0
25.0 6.0 31 99.0 16.73828125 99.0 0.0
25.5 1.5 31 20.6875 244.35546875 20.0625 0.0
25.5 2.0 31 19.5625 228.86474609375 19.5625 0.0
25.5 2.5 31 19.203125 215.07275390625 19.203125 0.0
25.5 3.0 31 99.0 327.486328125 99.0 0.0
25.5 3.5 31 99.0 17.541015625 99.0 0.0
25.5 4.0 31 99.0 81.83203125 99.0 0.0
25.5 4.5 31 99.0 46.05078125 99.0 0.0
25.5 5.0 31 99.0 17.23828125 99.0 0.0
25.5 5.5 31 99.0 16.73828125 99.0 0.0
25.5 6.0 31 99.0 16.73828125 99.0 0.0
26.0 1.5 31 20.1875 246.126953125 20.078125 0.0
26.0 2.0 31 19.265625 215.8046875 19.171875 0.0
26.0 2.5 31 19.625 224.51904296875 19.546875 0.0
26.0 3.0 31 99.0 164.48828125 99.0 0.0
26.0 3.5 31 99.0 27.390625 99.0 0.0
26.0 4.0 31 99.0 79.05078125 99.0 0.0
26.0 4.5 31 99.0 54.30078125 99.0 0.0
26.0 5.0 31 99.0 16.73828125 99.0 0.0
26.0 5.5 31 99.0 16.73828125 99.0 0.0
26.0 6.0 31 99.0 16.73828125 99.0 0.0
26.5 1.5 31 20.28125 241.740478515625 20.28125 0.0
26.5 2.0 31 20.96875 233.8076171875 20.96875 0.0
26.5 2.5 31 19.265625 211.381469726563 19.046875 0.0
26.5 3.0 31 99.0 108.63671875 99.0 0.0
26.5 3.5 31 99.0 30.90234375 99.0 0.0
26.5 4.0 31 99.0 86.75390625 99.0 0.0
26.5 4.5 31 99.0 16.73828125 99.0 0.0
26.5 5.0 31 99.0 16.73828125 99.0 0.0
26.5 5.5 31 99.0 16.73828125 99.0 0.0
26.5 6.0 31 99.0 16.73828125 99.0 0.0
27.0 1.5 31 21.359375 246.96826171875 20.859375 0.0
27.0 2.0 31 19.8125 229.046630859375 19.671875 0.0
27.0 2.5 31 19.515625 221.4599609375 19.515625 0.0
27.0 3.0 31 99.0 59.7890625 99.0 0.0
27.0 3.5 31 99.0 56.40625 99.0 0.0
27.0 4.0 31 99.0 52.80078125 99.0 0.0
27.0 4.5 31 99.0 16.73828125 99.0 0.0
27.0 5.0 31 99.0 16.73828125 99.0 0.0
27.0 5.5 31 99.0 16.73828125 99.0 0.0
27.0 6.0 31 99.0 16.73828125 99.0 0.0
27.5 1.5 31 21.640625 255.8857421875 20.421875 0.0
27.5 2.0 31 20.03125 233.869140625 19.78125 0.0
27.5 2.5 31 22.359375 246.6455078125 21.234375 0.0
27.5 3.0 31 99.0 109.478515625 99.0 0.0
27.5 3.5 31 99.0 16.744140625 99.0 0.0
27.5 4.0 31 99.0 16.73828125 99.0 0.0
27.5 4.5 31 99.0 16.73828125 99.0 0.0
27.5 5.0 31 99.0 16.73828125 99.0 0.0
27.5 5.5 31 99.0 16.73828125 99.0 0.0
27.5 6.0 31 99.0 16.73828125 99.0 0.0
28.0 1.5 31 20.53125 240.9931640625 20.234375 0.0
28.0 2.0 31 21.125 240.0146484375 21.125 0.0
28.0 2.5 31 20.515625 230.0 20.515625 0.0
28.0 3.0 31 99.0 96.08984375 99.0 0.0
28.0 3.5 31 99.0 105.48828125 99.0 0.0
28.0 4.0 31 99.0 23.23828125 99.0 0.0
28.0 4.5 31 99.0 16.73828125 99.0 0.0
28.0 5.0 31 99.0 16.73828125 99.0 0.0
28.0 5.5 31 99.0 16.73828125 99.0 0.0
28.0 6.0 31 99.0 16.73828125 99.0 0.0
28.5 1.5 31 21.046875 253.6806640625 21.046875 0.0
28.5 2.0 31 21.015625 248.004943847656 21.015625 0.0
28.5 2.5 31 20.078125 232.76123046875 20.078125 0.0
28.5 3.0 31 99.0 73.89453125 99.0 0.0
28.5 3.5 31 99.0 102.22265625 99.0 0.0
28.5 4.0 31 99.0 16.92578125 99.0 0.0
28.5 4.5 31 99.0 16.73828125 99.0 0.0
28.5 5.0 31 99.0 16.73828125 99.0 0.0
28.5 5.5 31 99.0 16.73828125 99.0 0.0
28.5 6.0 31 99.0 16.73828125 99.0 0.0
29.0 1.5 31 22.734375 264.016357421875 20.765625 0.0
29.0 2.0 31 20.546875 243.812622070313 20.546875 0.0
29.0 2.5 31 21.640625 242.1337890625 21.640625 0.0
29.0 3.0 31 99.0 17.328125 99.0 0.0
29.0 3.5 31 99.0 94.09765625 99.0 0.0
29.0 4.0 31 99.0 16.73828125 99.0 0.0
29.0 4.5 31 99.0 16.73828125 99.0 0.0
29.0 5.0 31 99.0 16.73828125 99.0 0.0
29.0 5.5 31 99.0 16.73828125 99.0 0.0
29.0 6.0 31 99.0 37.30078125 99.0 0.0
29.5 1.5 31 20.4375 251.440124511719 20.265625 0.0
29.5 2.0 31 23.6875 261.94580078125 22.046875 0.0
29.5 2.5 31 21.53125 229.669921875 21.53125 0.0
29.5 3.0 31 99.0 19.029296875 99.0 0.0
29.5 3.5 31 99.0 82.80078125 99.0 0.0
29.5 4.0 31 99.0 16.98828125 99.0 0.0
29.5 4.5 31 99.0 16.73828125 99.0 0.0
29.5 5.0 31 99.0 16.73828125 99.0 0.0
29.5 5.5 31 99.0 16.73828125 99.0 0.0
29.5 6.0 31 99.0 16.73828125 99.0 0.0
30.0 1.5 31 21.0625 260.1181640625 20.421875 0.0
30.0 2.0 31 21.25 252.2392578125 21.25 0.0
30.0 2.5 31 99.0 889.2255859375 99.0 0.0
30.0 3.0 31 99.0 18.587890625 99.0 0.0
30.0 3.5 31 99.0 73.23828125 99.0 0.0
30.0 4.0 31 99.0 16.73828125 99.0 0.0
30.0 4.5 31 99.0 16.73828125 99.0 0.0
30.0 5.0 31 99.0 16.73828125 99.0 0.0
30.0 5.5 31 99.0 16.73828125 99.0 0.0
30.0 6.0 31 99.0 16.73828125 99.0 0.0
30.5 1.5 31 20.15625 256.345703125 20.15625 0.0
30.5 2.0 31 20.640625 248.803497314453 20.578125 0.0
30.5 2.5 31 99.0 377.33984375 99.0 0.0
30.5 3.0 31 99.0 31.80078125 99.0 0.0
30.5 3.5 31 99.0 66.17578125 99.0 0.0
30.5 4.0 31 99.0 31.86328125 99.0 0.0
30.5 4.5 31 99.0 16.73828125 99.0 0.0
30.5 5.0 31 99.0 16.73828125 99.0 0.0
30.5 5.5 31 99.0 16.73828125 99.0 0.0
30.5 6.0 31 99.0 16.73828125 99.0 0.0
31.0 1.5 31 21.734375 268.073394775391 20.953125 0.0
31.0 2.0 31 21.140625 242.333984375 20.90625 0.0
31.0 2.5 31 99.0 186.228515625 99.0 0.0
31.0 3.0 31 99.0 27.123046875 99.0 0.0
31.0 3.5 31 99.0 51.89453125 99.0 0.0
31.0 4.0 31 99.0 17.05078125 99.0 0.0
31.0 4.5 31 99.0 16.73828125 99.0 0.0
31.0 5.0 31 99.0 16.73828125 99.0 0.0
31.0 5.5 31 99.0 16.73046875 99.0 0.0
31.0 6.0 31 99.0 16.73828125 99.0 0.0
31.5 1.5 31 22.796875 272.8310546875 21.296875 0.0
31.5 2.0 31 21.71875 260.251953125 21.0 0.0
31.5 2.5 31 99.0 142.90625 99.0 0.0
31.5 3.0 31 99.0 60.66796875 99.0 0.0
31.5 3.5 31 99.0 63.05078125 99.0 0.0
31.5 4.0 31 99.0 16.73828125 99.0 0.0
31.5 4.5 31 99.0 16.73828125 99.0 0.0
31.5 5.0 31 99.0 16.73828125 99.0 0.0
31.5 5.5 31 99.0 16.73828125 99.0 0.0
31.5 6.0 31 99.0 16.73828125 99.0 0.0
32.0 1.5 31 21.21875 261.94775390625 21.21875 0.0
32.0 2.0 31 21.78125 260.9365234375 21.28125 0.0
32.0 2.5 31 99.0 106.341796875 99.0 0.0
32.0 3.0 31 99.0 59.9375 99.0 0.0
32.0 3.5 31 99.0 19.42578125 99.0 0.0
32.0 4.0 31 99.0 16.73828125 99.0 0.0
32.0 4.5 31 99.0 16.73828125 99.0 0.0
32.0 5.0 31 99.0 16.73828125 99.0 0.0
32.0 5.5 31 99.0 16.73828125 99.0 0.0
32.0 6.0 31 99.0 16.73828125 99.0 0.0
32.5 1.5 31 22.296875 270.076171875 22.296875 0.0
32.5 2.0 31 24.484375 274.858337402344 22.140625 0.0
32.5 2.5 31 99.0 45.076171875 99.0 0.0
32.5 3.0 31 99.0 101.84765625 99.0 0.0
32.5 3.5 31 99.0 16.86328125 99.0 0.0
32.5 4.0 31 99.0 16.73828125 99.0 0.0
32.5 4.5 31 99.0 16.73828125 99.0 0.0
32.5 5.0 31 99.0 16.73828125 99.0 0.0
32.5 5.5 31 99.0 16.73828125 99.0 0.0
32.5 6.0 31 99.0 16.73828125 99.0 0.0
33.0 1.5 31 22.421875 270.39453125 22.421875 0.0
33.0 2.0 31 21.484375 262.505813598633 21.28125 0.0
33.0 2.5 31 99.0 109.201171875 99.0 0.0
33.0 3.0 31 99.0 96.64453125 99.0 0.0
33.0 3.5 31 99.0 51.73828125 99.0 0.0
33.0 4.0 31 99.0 16.73828125 99.0 0.0
33.0 4.5 31 99.0 16.98828125 99.0 0.0
33.0 5.0 31 99.0 16.73828125 99.0 0.0
33.0 5.5 31 99.0 16.73828125 99.0 0.0
33.0 6.0 31 99.0 16.73828125 99.0 0.0
33.5 1.5 31 22.484375 274.853515625 21.921875 0.0
33.5 2.0 31 21.90625 260.240234375 21.1875 0.0
33.5 2.5 31 99.0 106.546875 99.0 0.0
33.5 3.0 31 99.0 84.48046875 99.0 0.0
33.5 3.5 31 99.0 17.17578125 99.0 0.0
33.5 4.0 31 99.0 16.73828125 99.0 0.0
33.5 4.5 31 99.0 16.73828125 99.0 0.0
33.5 5.0 31 99.0 16.73828125 99.0 0.0
33.5 5.5 31 99.0 16.73828125 99.0 0.0
33.5 6.0 31 99.0 16.73828125 99.0 0.0
34.0 1.5 31 24.09375 290.501953125 22.265625 0.0
34.0 2.0 31 22.703125 267.900390625 21.859375 0.0
34.0 2.5 31 99.0 73.912109375 99.0 0.0
34.0 3.0 31 99.0 91.84765625 99.0 0.0
34.0 3.5 31 99.0 16.73828125 99.0 0.0
34.0 4.0 31 99.0 16.73828125 99.0 0.0
34.0 4.5 31 99.0 16.73828125 99.0 0.0
34.0 5.0 31 99.0 16.73828125 99.0 0.0
34.0 5.5 31 99.0 16.73828125 99.0 0.0
34.0 6.0 31 99.0 16.73828125 99.0 0.0
34.5 1.5 31 26.015625 299.9541015625 22.25 0.0
34.5 2.0 31 23.65625 278.517578125 22.453125 0.0
34.5 2.5 31 99.0 16.490234375 99.0 0.0
34.5 3.0 31 99.0 102.75390625 99.0 0.0
34.5 3.5 31 99.0 16.73828125 99.0 0.0
34.5 4.0 31 99.0 16.73828125 99.0 0.0
34.5 4.5 31 99.0 16.73828125 99.0 0.0
34.5 5.0 31 99.0 16.73828125 99.0 0.0
34.5 5.5 31 99.0 16.73828125 99.0 0.0
34.5 6.0 31 99.0 16.73828125 99.0 0.0
35.0 1.5 31 23.53125 292.0595703125 23.03125 0.0
35.0 2.0 31 23.796875 269.52001953125 22.359375 0.0
35.0 2.5 31 99.0 17.033203125 99.0 0.0
35.0 3.0 31 99.0 88.41015625 99.0 0.0
35.0 3.5 31 99.0 16.73828125 99.0 0.0
35.0 4.0 31 99.0 16.73828125 99.0 0.0
35.0 4.5 31 99.0 16.73828125 99.0 0.0
35.0 5.0 31 99.0 16.73828125 99.0 0.0
35.0 5.5 31 99.0 16.740234375 99.0 0.0
35.0 6.0 31 99.0 16.734375 99.0 0.0
35.5 1.5 31 22.71875 283.2177734375 21.953125 0.0
35.5 2.0 31 23.421875 266.1650390625 21.953125 0.0
35.5 2.5 31 99.0 17.96484375 99.0 0.0
35.5 3.0 31 99.0 82.48828125 99.0 0.0
35.5 3.5 31 99.0 16.73828125 99.0 0.0
35.5 4.0 31 99.0 16.73828125 99.0 0.0
35.5 4.5 31 99.0 16.73828125 99.0 0.0
35.5 5.0 31 99.0 16.73828125 99.0 0.0
35.5 5.5 31 99.0 16.73828125 99.0 0.0
35.5 6.0 31 99.0 16.73828125 99.0 0.0
36.0 1.5 31 24.125 291.23828125 23.1875 0.0
36.0 2.0 31 23.015625 273.701171875 22.859375 0.0
36.0 2.5 31 99.0 20.087890625 99.0 0.0
36.0 3.0 31 99.0 57.83203125 99.0 0.0
36.0 3.5 31 99.0 24.53125 99.0 0.0
36.0 4.0 31 99.0 16.73828125 99.0 0.0
36.0 4.5 31 99.0 16.73828125 99.0 0.0
36.0 5.0 31 99.0 16.73828125 99.0 0.0
36.0 5.5 31 99.0 16.73828125 99.0 0.0
36.0 6.0 31 99.0 16.73828125 99.0 0.0
36.5 1.5 31 22.4375 273.080322265625 22.40625 0.0
36.5 2.0 31 23.375 281.140625 22.890625 0.0
36.5 2.5 31 99.0 21.638671875 99.0 0.0
36.5 3.0 31 99.0 69.70703125 99.0 0.0
36.5 3.5 31 99.0 16.73828125 99.0 0.0
36.5 4.0 31 99.0 16.73828125 99.0 0.0
36.5 4.5 31 99.0 16.73828125 99.0 0.0
36.5 5.0 31 99.0 16.73828125 99.0 0.0
36.5 5.5 31 99.0 16.73828125 99.0 0.0
36.5 6.0 31 99.0 16.73828125 99.0 0.0
37.0 1.5 31 25.140625 301.6796875 23.140625 0.0
37.0 2.0 31 87.25 409.9755859375 87.25 0.0
37.0 2.5 31 99.0 38.7109375 99.0 0.0
37.0 3.0 31 99.0 56.45703125 99.0 0.0
37.0 3.5 31 99.0 16.73828125 99.0 0.0
37.0 4.0 31 99.0 16.73828125 99.0 0.0
37.0 4.5 31 99.0 42.17578125 99.0 0.0
37.0 5.0 31 99.0 16.73828125 99.0 0.0
37.0 5.5 31 99.0 16.73828125 99.0 0.0
37.0 6.0 31 99.0 16.73828125 99.0 0.0
37.5 1.5 31 24.265625 298.0732421875 23.6875 0.0
37.5 2.0 31 99.0 923.3740234375 99.0 0.0
37.5 2.5 31 99.0 30.0703125 99.0 0.0
37.5 3.0 31 99.0 73.36328125 99.0 0.0
37.5 3.5 31 99.0 16.73828125 99.0 0.0
37.5 4.0 31 99.0 16.73828125 99.0 0.0
37.5 4.5 31 99.0 16.73828125 99.0 0.0
37.5 5.0 31 99.0 16.73828125 99.0 0.0
37.5 5.5 31 99.0 16.73828125 99.0 0.0
37.5 6.0 31 99.0 89.640625 99.0 0.0
38.0 1.5 31 25.953125 300.013671875 23.859375 0.0
38.0 2.0 31 99.0 536.5625 99.0 0.0
38.0 2.5 31 99.0 50.16796875 99.0 0.0
38.0 3.0 31 99.0 45.17578125 99.0 0.0
38.0 3.5 31 99.0 16.73828125 99.0 0.0
38.0 4.0 31 99.0 16.73828125 99.0 0.0
38.0 4.5 31 99.0 16.73828125 99.0 0.0
38.0 5.0 31 99.0 16.73828125 99.0 0.0
38.0 5.5 31 99.0 16.73828125 99.0 0.0
38.0 6.0 31 99.0 16.73828125 99.0 0.0
38.5 1.5 31 25.125 308.125 24.296875 0.0
38.5 2.0 31 99.0 263.6484375 99.0 0.0
38.5 2.5 31 99.0 46.71484375 99.0 0.0
38.5 3.0 31 99.0 16.73828125 99.0 0.0
38.5 3.5 31 99.0 16.73828125 99.0 0.0
38.5 4.0 31 99.0 16.73828125 99.0 0.0
38.5 4.5 31 99.0 16.73828125 99.0 0.0
38.5 5.0 31 99.0 16.73828125 99.0 0.0
38.5 5.5 31 99.0 16.73828125 99.0 0.0
38.5 6.0 31 99.0 16.73828125 99.0 0.0
39.0 1.5 31 23.0625 289.181640625 22.84375 0.0
39.0 2.0 31 99.0 187.056640625 99.0 0.0
39.0 2.5 31 99.0 77.74609375 99.0 0.0
39.0 3.0 31 99.0 16.73828125 99.0 0.0
39.0 3.5 31 99.0 16.73828125 99.0 0.0
39.0 4.0 31 99.0 16.73828125 99.0 0.0
39.0 4.5 31 99.0 16.73828125 99.0 0.0
39.0 5.0 31 99.0 16.73828125 99.0 0.0
39.0 5.5 31 99.0 16.73828125 99.0 0.0
39.0 6.0 31 99.0 16.73828125 99.0 0.0
39.5 1.5 31 24.78125 310.0654296875 24.21875 0.0
39.5 2.0 31 99.0 143.576171875 99.0 0.0
39.5 2.5 31 99.0 103.13671875 99.0 0.0
39.5 3.0 31 99.0 16.73828125 99.0 0.0
39.5 3.5 31 99.0 16.73828125 99.0 0.0
39.5 4.0 31 99.0 16.73828125 99.0 0.0
39.5 4.5 31 99.0 16.73828125 99.0 0.0
39.5 5.0 31 99.0 16.73828125 99.0 0.0
39.5 5.5 31 99.0 16.73828125 99.0 0.0
39.5 6.0 31 99.0 16.73828125 99.0 0.0
40.0 1.5 31 23.40625 290.7900390625 23.40625 0.0
40.0 2.0 31 99.0 108.580078125 99.0 0.0
40.0 2.5 31 99.0 100.27734375 99.0 0.0
40.0 3.0 31 99.0 16.73828125 99.0 0.0
40.0 3.5 31 99.0 16.73828125 99.0 0.0
40.0 4.0 31 99.0 16.73828125 99.0 0.0
40.0 4.5 31 99.0 16.73828125 99.0 0.0
40.0 5.0 31 99.0 16.73828125 99.0 0.0
40.0 5.5 31 99.0 16.73828125 99.0 0.0
40.0 6.0 31 99.0 16.73828125 99.0 0.0
