1.5 1.5 38 4.69140625 1.453125 3.77734375 0.0 3.75742488803886
2.0 1.5 10 4.68359375 0.470703125 3.03125 0.0 3.01540451313798
2.5 1.5 10 4.6015625 0.69140625 2.638671875 0.0 2.62098200474277
3.0 1.5 10 4.71484375 1.263671875 2.8359375 0.0 2.63502614491722
3.5 1.5 10 5.34765625 9.53515625 5.34765625 0.0 4.37403441960424
4.0 1.5 10 9.828125 59.40625 8.453125 0.0 4.74201628880025
4.5 1.5 10 8.75 83.171875 8.46875 0.0 4.26275267972339
5.0 1.5 10 8.7109375 87.109375 8.7109375 0.0 4.32828753511323
5.5 1.5 10 8.828125 88.28125 8.828125 0.0 4.3712848517034
6.0 1.5 10 8.984375 89.84375 8.984375 0.0 4.45962467376015
6.5 1.5 10 9.1640625 91.640625 9.1640625 0.0 4.51739740999604
