5.5 1.5 16 4.0078125 0.630859375 3.041015625 0.0 2.90535688271939 0.04873453566258
6.0 1.5 16 4.8515625 17.845703125 4.55078125 0.0 2.69170568164428 0.04311124571959
6.5 1.5 16 10.8125 149.25390625 10.1640625 0.0 4.52274741768488 0.06190794289952
7.0 1.5 16 10.1640625 162.625 10.1640625 0.0 4.60885081387503 0.06346181848946
7.5 1.5 16 10.1640625 162.625 10.1640625 0.0 4.69188419291488 0.06270657989041
8.0 1.5 16 10.1796875 162.859375 10.1796875 0.0 4.72115688714149 0.06243944255117
8.5 1.5 16 10.5390625 168.2734375 10.5390625 0.0 4.7549472308486 0.0611966110077
9.0 1.5 16 10.8671875 173.546875 10.8671875 0.0 4.78695437322152 0.05989915342415
9.5 1.5 16 11.296875 179.8359375 11.296875 0.0 4.8132684261913 0.05909714492347
10.0 1.5 16 11.6484375 186.03125 11.6484375 0.0 4.84608319451011 0.0602671591203
10.5 1.5 16 11.8046875 188.71875 11.8046875 0.0 4.87966192779817 0.06093973183248
11.0 1.5 16 12.171875 194.2890625 12.171875 0.0 4.90559378398102 0.06147455382759
11.5 1.5 16 12.2109375 195.3359375 12.2109375 0.0 4.93633360271183 0.06248705669296
12.0 1.5 16 12.4453125 198.890625 12.4453125 0.0 4.97136242112796 0.06273016728683
12.5 1.5 16 12.625 201.8203125 12.625 0.0 4.99555393320146 0.06212118494631
13.0 1.5 16 12.8203125 204.71875 12.8203125 0.0 5.03354725609177 0.06156865288668
13.5 1.5 16 13.2109375 210.734375 13.2109375 0.0 5.07068585667592 0.06192846004022
14.0 1.5 16 13.3671875 213.7265625 13.3671875 0.0 5.10208793327653 0.06146342916341
14.5 1.5 16 13.4921875 215.75 13.4921875 0.0 5.13255182417917 0.06075104073534
15.0 1.5 16 13.7421875 219.328125 13.7421875 0.0 5.1668728359204 0.06049726260402
15.5 1.5 16 14.0625 224.65625 14.0625 0.0 5.19177469046574 0.06035822040896
16.0 1.5 16 14.328125 228.9765625 14.328125 0.0 5.22028770464194 0.06078984889755
16.5 1.5 16 14.53125 232.296875 14.53125 0.0 5.24461636764758 0.06112371323706
17.0 1.5 16 14.7265625 235.4296875 14.7265625 0.0 5.2768734490491 0.06133171228424
17.5 1.5 16 14.9453125 238.8046875 14.9453125 0.0 5.30632891615667 0.06121218029592
18.0 1.5 16 15.109375 241.59375 15.109375 0.0 5.3321817135714 0.06122823970205
18.5 1.5 16 15.28125 244.328125 15.28125 0.0 5.35550357051042 0.06119169049973
19.0 1.5 16 15.5 247.78125 15.5 0.0 5.37457970962622 0.06148538737297
19.5 1.5 16 15.7890625 251.7578125 15.7890625 0.0 5.40263252591042 0.06189216346379
20.0 1.5 16 15.953125 255.09375 15.953125 0.0 5.42354438324151 0.06159601889343
5.5 2.0 16 4.0078125 0.58984375 2.822265625 0.0 2.6553783306751 0.05955618082212
6.0 2.0 16 4.8359375 9.84765625 3.419921875 0.0 2.6372791893067 0.02884380808462
6.5 2.0 16 10.25 131.615234375 9.5 0.0 4.35777605894161 0.03498943767415
7.0 2.0 16 11.171875 167.546875 10.578125 0.0 4.59591614083315 0.03568525058131
7.5 2.0 16 10.578125 169.25 10.578125 0.0 4.64515131085206 0.03494653337487
8.0 2.0 16 10.578125 169.25 10.578125 0.0 4.68314130609423 0.03481764542263
8.5 2.0 16 10.8359375 173.09375 10.8359375 0.0 4.72792034442954 0.03302205397846
9.0 2.0 16 11.0703125 176.890625 11.0703125 0.0 4.76298459683449 0.03215831225119
9.5 2.0 16 11.2578125 179.9375 11.2578125 0.0 4.79296135842823 0.03095324553013
10.0 2.0 16 11.421875 182.5859375 11.421875 0.0 4.81829610117774 0.02997340827048
10.5 2.0 16 11.5703125 184.9765625 11.5703125 0.0 4.85840101265955 0.02917097110523
11.0 2.0 16 11.7890625 188.40625 11.7890625 0.0 4.88675749728149 0.02888703476795
11.5 2.0 16 11.984375 191.5546875 11.984375 0.0 4.92015686689639 0.02909411775988
12.0 2.0 16 12.1484375 194.2109375 12.1484375 0.0 4.94966350193896 0.02952266255478
12.5 2.0 16 12.3828125 197.890625 12.3828125 0.0 4.9812510841308 0.02916867551449
13.0 2.0 16 12.609375 201.5234375 12.609375 0.0 5.01057611582876 0.02836482302657
13.5 2.0 16 12.796875 204.5625 12.796875 0.0 5.04673995906312 0.02846635529589
14.0 2.0 16 12.9765625 207.4453125 12.9765625 0.0 5.07861053515677 0.02827686250074
14.5 2.0 16 13.2421875 211.6171875 13.2421875 0.0 5.10793371233045 0.02906490906454
15.0 2.0 16 13.46875 215.2734375 13.46875 0.0 5.14706235165575 0.0296603349561
15.5 2.0 16 13.671875 218.546875 13.671875 0.0 5.17625866573116 0.02936392099659
16.0 2.0 16 13.90625 222.2578125 13.90625 0.0 5.20727527098031 0.02848979202657
16.5 2.0 16 14.1484375 225.9453125 14.1484375 0.0 5.23058362373626 0.02847148752686
17.0 2.0 16 14.3984375 229.921875 14.3984375 0.0 5.26326961057122 0.0292664034502
17.5 2.0 16 14.5 231.8984375 14.5 0.0 5.29076341980326 0.02952456938659
18.0 2.0 16 14.71875 234.984375 14.71875 0.0 5.31684538102159 0.02900678202941
18.5 2.0 16 14.9296875 238.6640625 14.9296875 0.0 5.34236448737393 0.02923345675029
19.0 2.0 16 15.1484375 241.328125 15.1484375 0.0 5.36289649351898 0.02944791999763
19.5 2.0 16 15.40625 246.2421875 15.40625 0.0 5.38897157201213 0.02958040131164
20.0 2.0 16 15.6796875 250.359375 15.6796875 0.0 5.40675628278082 0.02938688578746
5.5 2.5 16 4.0078125 0.8125 3.583984375 0.0 3.37308944238694 0.02413991926119
6.0 2.5 16 5.27734375 19.58837890625 5.27734375 0.0 3.07268166028734 0.0210868734517
6.5 2.5 16 11.671875 151.953125 11.671875 0.0 4.56202819522489 0.03029029460552
7.0 2.5 16 11.671875 170.15625 10.4140625 0.0 4.57613198052818 0.02928079122541
7.5 2.5 16 10.53125 168.3828125 10.53125 0.0 4.64650732008844 0.02919446289524
8.0 2.5 16 10.6484375 170.25 10.6484375 0.0 4.68295361906554 0.02991583351287
8.5 2.5 16 11.0859375 176.8984375 11.0859375 0.0 4.72297699704211 0.03075455824997
9.0 2.5 16 11.21875 179.3671875 11.21875 0.0 4.75231619666788 0.02995363816913
9.5 2.5 16 11.4296875 182.6640625 11.4296875 0.0 4.79246948843321 0.02978494124758
10.0 2.5 16 11.8046875 188.4375 11.8046875 0.0 4.81881287006496 0.02909449755206
10.5 2.5 16 12.0859375 193.09375 12.0859375 0.0 4.85172436572826 0.02962078550569
11.0 2.5 16 12.21875 195.3671875 12.21875 0.0 4.88791104128548 0.03126239518051
11.5 2.5 16 12.4609375 199.1328125 12.4609375 0.0 4.92877586810824 0.03105200732829
12.0 2.5 16 12.6171875 201.71875 12.6171875 0.0 4.96234393497927 0.02935262618413
12.5 2.5 16 12.875 205.734375 12.875 0.0 4.99643789752688 0.02938230023798
13.0 2.5 16 13.125 209.75 13.125 0.0 5.02254698740627 0.02940082334275
13.5 2.5 16 13.3046875 212.6953125 13.3046875 0.0 5.05305664209804 0.02936646297721
14.0 2.5 16 13.5234375 216.1484375 13.5234375 0.0 5.08649660718528 0.02936128622702
14.5 2.5 16 13.703125 219.0703125 13.703125 0.0 5.11108367670412 0.02938861204406
15.0 2.5 16 13.953125 223.0 13.953125 0.0 5.14407868855065 0.02972646469636
15.5 2.5 16 14.125 225.828125 14.125 0.0 5.17854176635286 0.02930907767323
16.0 2.5 16 14.359375 229.515625 14.359375 0.0 5.204358097236 0.02908159054328
16.5 2.5 16 14.4765625 231.5078125 14.4765625 0.0 5.23515422656553 0.0295213052439
17.0 2.5 16 14.7265625 235.375 14.7265625 0.0 5.265574660188 0.02858884421709
17.5 2.5 16 14.8203125 237.03125 14.8203125 0.0 5.29702741698273 0.02763027746942
18.0 2.5 16 14.8515625 237.59375 14.8515625 0.0 5.31961884367058 0.02693770025544
18.5 2.5 16 15.375 244.0625 15.375 0.0 5.34981509899919 0.0264895686922
19.0 2.5 16 15.515625 248.109375 15.515625 0.0 5.37335386143561 0.02552763629303
19.5 2.5 16 15.6328125 250.0078125 15.6328125 0.0 5.39922334773409 0.02483433515119
20.0 2.5 16 15.84375 253.2890625 15.84375 0.0 5.42170697105035 0.02478455460291
5.5 3.0 16 4.0078125 1.0625 3.45703125 0.0 3.12374362850226 0.02675264316035
6.0 3.0 16 5.171875 19.662109375 5.171875 0.0 3.04618048273752 0.01715631726729
6.5 3.0 16 10.828125 153.30078125 10.546875 0.0 4.45098894394673 0.03109415770634
7.0 3.0 16 10.5859375 161.546875 9.96875 0.0 4.56527775536932 0.02974015025567
7.5 3.0 16 10.34375 163.1796875 10.34375 0.0 4.61757075111999 0.0299274347537
8.0 3.0 16 10.6796875 170.515625 10.6796875 0.0 4.66431545475638 0.02992411927843
8.5 3.0 16 10.8125 172.8671875 10.8125 0.0 4.70093433511963 0.02881001383437
9.0 3.0 16 10.9765625 175.4609375 10.9765625 0.0 4.73229225030006 0.02776962361969
9.5 3.0 16 11.2109375 179.140625 11.2109375 0.0 4.76432013446347 0.02758878173766
10.0 3.0 16 11.421875 182.5390625 11.421875 0.0 4.79348797477447 0.02691360943852
10.5 3.0 16 11.6953125 186.8359375 11.6953125 0.0 4.82902320087678 0.02681577953236
11.0 3.0 16 12.0234375 190.75 12.0234375 0.0 4.85374555955342 0.02684297562362
11.5 3.0 16 12.3671875 197.53125 12.3671875 0.0 4.89293540219867 0.02579339322284
12.0 3.0 16 12.375 197.9921875 12.375 0.0 4.91990265848888 0.02578803712305
12.5 3.0 16 12.71875 203.109375 12.71875 0.0 4.95629527992993 0.02585667451846
13.0 3.0 16 12.9375 206.78125 12.9375 0.0 4.99637125270074 0.02587949307333
13.5 3.0 16 13.1796875 210.6328125 13.1796875 0.0 5.02336657203101 0.02648284230471
14.0 3.0 16 13.4296875 214.625 13.4296875 0.0 5.05892082398005 0.02604991773181
14.5 3.0 16 13.671875 217.796875 13.671875 0.0 5.08532506528696 0.02588511502617
15.0 3.0 16 14.0 223.5546875 14.0 0.0 5.12297346125837 0.02593917250096
15.5 3.0 16 14.0703125 225.0546875 14.0703125 0.0 5.1473535169983 0.02641390252814
16.0 3.0 16 14.1640625 226.3203125 14.1640625 0.0 5.18420739761371 0.02737376488358
16.5 3.0 16 14.3984375 229.65625 14.3984375 0.0 5.20687790143403 0.02791311642056
17.0 3.0 16 14.6015625 233.421875 14.6015625 0.0 5.23976409907056 0.02812024557356
17.5 3.0 16 14.703125 235.1484375 14.703125 0.0 5.27855263660157 0.02851181205291
18.0 3.0 16 14.8984375 238.1796875 14.8984375 0.0 5.30427297779066 0.02903146340601
18.5 3.0 16 15.1328125 241.890625 15.1328125 0.0 5.32792817133521 0.0296692227658
19.0 3.0 16 15.2734375 244.234375 15.2734375 0.0 5.35380548290315 0.03015584468764
19.5 3.0 16 15.703125 250.171875 15.703125 0.0 5.37835339472551 0.03032278063761
20.0 3.0 16 15.9609375 255.1171875 15.9609375 0.0 5.39759851560592 0.0303256534026
5.5 3.5 16 4.0078125 0.728515625 3.232421875 0.0 2.99868745081519 0.0704448430986
6.0 3.5 16 4.859375 17.83203125 4.859375 0.0 3.04746924652956 0.01277017386851
6.5 3.5 16 9.84375 144.04296875 9.84375 0.0 4.48381260371997 0.02396242770818
7.0 3.5 16 9.84375 153.21875 9.5390625 0.0 4.55504441659028 0.02226780853109
7.5 3.5 16 9.8671875 157.4296875 9.8671875 0.0 4.61774702527571 0.02243852255855
8.0 3.5 16 10.3046875 159.2109375 10.3046875 0.0 4.65557075172422 0.02229939475691
8.5 3.5 16 10.8046875 172.3203125 10.8046875 0.0 4.70173075545389 0.02053289244212
9.0 3.5 16 11.046875 176.5078125 11.046875 0.0 4.73598435281653 0.02028590974837
9.5 3.5 16 11.2578125 179.9140625 11.2578125 0.0 4.77876982013367 0.02110458222827
10.0 3.5 16 11.4140625 182.4453125 11.4140625 0.0 4.8071694693305 0.02201122917838
10.5 3.5 16 11.609375 185.53125 11.609375 0.0 4.83920362948661 0.02310370487277
11.0 3.5 16 11.8828125 188.7109375 11.8828125 0.0 4.87718019281292 0.02345821893712
11.5 3.5 16 12.2890625 196.21875 12.2890625 0.0 4.91228023468474 0.02351090720023
12.0 3.5 16 12.4140625 198.5 12.4140625 0.0 4.94102816032486 0.02396817027738
12.5 3.5 16 12.65625 202.2578125 12.65625 0.0 4.97139209654413 0.02397815385136
13.0 3.5 16 12.78125 204.375 12.78125 0.0 5.00642767397029 0.02354786590883
13.5 3.5 16 13.0234375 208.1328125 13.0234375 0.0 5.02970443147506 0.02313814848682
14.0 3.5 16 13.1953125 210.953125 13.1953125 0.0 5.05491932104272 0.02282764028346
14.5 3.5 16 13.4140625 214.40625 13.4140625 0.0 5.08585677105434 0.02263067234299
15.0 3.5 16 13.71875 218.5390625 13.71875 0.0 5.11697749195707 0.02341079388685
15.5 3.5 16 13.9765625 223.3671875 13.9765625 0.0 5.14804726930443 0.0235695172207
16.0 3.5 16 14.140625 226.0859375 14.140625 0.0 5.17258707981346 0.02413134247168
16.5 3.5 16 14.375 229.765625 14.375 0.0 5.20656253844041 0.0243747652038
17.0 3.5 16 14.6015625 233.3984375 14.6015625 0.0 5.23098588830826 0.02566783054027
17.5 3.5 16 14.828125 237.0234375 14.828125 0.0 5.25904848614206 0.02691078878503
18.0 3.5 16 15.0546875 240.6484375 15.0546875 0.0 5.29068646795535 0.02728465042093
18.5 3.5 16 15.2890625 244.390625 15.2890625 0.0 5.31108560104042 0.02802047463956
19.0 3.5 16 15.4921875 247.671875 15.4921875 0.0 5.33754344792268 0.02955302112405
19.5 3.5 16 15.9296875 251.4296875 15.9296875 0.0 5.3684975366319 0.03097991317085
20.0 3.5 16 16.15625 257.734375 16.15625 0.0 5.3969783051536 0.03180183734731
5.5 4.0 16 4.0078125 0.927734375 3.5078125 0.0 3.20126982222883 0.0354448701186
6.0 4.0 16 4.96484375 19.80517578125 4.96484375 0.0 2.90958536255593 0.01906375220077
6.5 4.0 16 11.234375 152.33203125 9.578125 0.0 4.35501107155721 0.03001207189507
7.0 4.0 16 10.1171875 160.421875 10.03125 0.0 4.56348944299413 0.03133092564916
7.5 4.0 16 10.4453125 165.2578125 10.4453125 0.0 4.61627572857958 0.03113152176817
8.0 4.0 16 10.671875 170.5234375 10.671875 0.0 4.66781524236227 0.0303974552477
8.5 4.0 16 10.7734375 172.2734375 10.7734375 0.0 4.69686401594876 0.03138026375238
9.0 4.0 16 11.0234375 176.1171875 11.0234375 0.0 4.73591809135728 0.03160721060332
9.5 4.0 16 11.2734375 180.125 11.2734375 0.0 4.77122082213217 0.03171447102033
10.0 4.0 16 11.5546875 184.59375 11.5546875 0.0 4.80503328020804 0.03229578432553
10.5 4.0 16 11.7578125 187.921875 11.7578125 0.0 4.84299205822218 0.03253917702013
11.0 4.0 16 11.96875 191.2890625 11.96875 0.0 4.86726726731375 0.03162762361156
11.5 4.0 16 12.171875 194.546875 12.171875 0.0 4.90776050110268 0.03128262447176
12.0 4.0 16 12.34375 197.328125 12.34375 0.0 4.94179124442122 0.03218291075859
12.5 4.0 16 12.6015625 201.3046875 12.6015625 0.0 4.96684048961603 0.03368041747244
13.0 4.0 16 12.859375 205.4921875 12.859375 0.0 4.99366680546157 0.03460225961718
13.5 4.0 16 13.1171875 209.6171875 13.1171875 0.0 5.02311072107985 0.03429372082447
14.0 4.0 16 13.375 213.5234375 13.375 0.0 5.05086283521961 0.03365148665958
14.5 4.0 16 13.6171875 217.6328125 13.6171875 0.0 5.08299854938593 0.03405143408426
15.0 4.0 16 13.71875 219.3984375 13.71875 0.0 5.12012290066879 0.03379875682154
15.5 4.0 16 13.9609375 223.1328125 13.9609375 0.0 5.15156819651771 0.03306038734618
16.0 4.0 16 14.171875 226.5390625 14.171875 0.0 5.17942145710288 0.03248387939889
16.5 4.0 16 14.265625 228.15625 14.265625 0.0 5.20386476963128 0.03258756273039
17.0 4.0 16 14.4375 230.828125 14.4375 0.0 5.23790267373405 0.03304531981987
17.5 4.0 16 14.609375 233.578125 14.609375 0.0 5.26736956471574 0.03255157988046
18.0 4.0 16 14.7421875 235.7421875 14.7421875 0.0 5.30050804215365 0.03233932860832
18.5 4.0 16 37.875 286.5078125 37.875 0.0 5.3758999543914 0.83212290350805
19.0 4.0 16 999.5 6324.046875 999.5 0.0 996.749603517878 0.99596822921553
19.5 4.0 16 999.5 88.0 999.5 0.0 996.749603517878 0.9918761512227
20.0 4.0 16 999.5 88.0 999.5 0.0 996.749603517878 0.98966180223697
5.5 4.5 16 4.0078125 0.453125 3.359375 0.0 3.23912246041186 0.03093588444465
6.0 4.5 16 6.1484375 22.740234375 6.1484375 0.0 3.13037782618171 0.00569909588712
6.5 4.5 16 12.34375 163.92578125 10.375 0.0 4.39371458878429 0.01074635376662
7.0 4.5 16 10.453125 167.0 10.453125 0.0 4.55906216861084 0.01402280689694
7.5 4.5 16 10.453125 167.25 10.453125 0.0 4.60310710939374 0.01568344914234
8.0 4.5 16 10.5703125 169.0078125 10.5703125 0.0 4.64118937211185 0.01657831374958
8.5 4.5 16 10.796875 172.5234375 10.796875 0.0 4.67462064101519 0.01588895424355
9.0 4.5 16 11.0 175.796875 11.0 0.0 4.71166303082413 0.01506049024442
9.5 4.5 16 11.2890625 180.296875 11.2890625 0.0 4.74678630920063 0.01414254318846
10.0 4.5 16 11.5546875 184.6015625 11.5546875 0.0 4.780623740643 0.01323116409561
10.5 4.5 16 11.7890625 188.3203125 11.7890625 0.0 4.81119283012292 0.01243124843679
11.0 4.5 16 12.1328125 192.8046875 12.1328125 0.0 4.84841657190174 0.01207078248082
11.5 4.5 16 12.375 197.7578125 12.375 0.0 4.87945406038639 0.0117307977845
12.0 4.5 16 12.5703125 200.9140625 12.5703125 0.0 4.91338365904554 0.01078538021397
12.5 4.5 16 12.7734375 204.171875 12.7734375 0.0 4.9371991519147 0.01051761910807
13.0 4.5 16 13.0546875 208.5859375 13.0546875 0.0 4.97193054426769 0.01124215477847
13.5 4.5 16 13.2265625 211.453125 13.2265625 0.0 5.00800023799399 0.0116112559753
14.0 4.5 16 13.4453125 214.90625 13.4453125 0.0 5.04169992076198 0.01282611261779
14.5 4.5 16 13.609375 217.5859375 13.609375 0.0 5.07077426713437 0.01289030572104
15.0 4.5 16 13.8046875 220.6796875 13.8046875 0.0 5.10602844028846 0.01334218357491
15.5 4.5 16 13.96875 223.234375 13.96875 0.0 5.14267592312555 0.01266413709926
16.0 4.5 16 14.1328125 225.96875 14.1328125 0.0 5.16982577783111 0.01247644711554
16.5 4.5 16 192.75 668.4375 192.75 0.0 6.13567406138185 0.969688892121
17.0 4.5 16 999.5 6335.140625 999.5 0.0 996.749074875048 0.99526497286068
17.5 4.5 16 999.5 88.0 999.5 0.0 996.749074875048 0.99239798000372
18.0 4.5 16 999.5 88.0 999.5 0.0 996.749074875048 0.9906273755906
18.5 4.5 16 999.5 88.0 999.5 0.0 996.749074875048 0.98945457346844
19.0 4.5 16 999.5 88.0 999.5 0.0 996.749074875048 0.98843148064759
19.5 4.5 16 999.5 88.0 999.5 0.0 996.749074875048 0.98770485857973
20.0 4.5 16 999.5 88.0 999.5 0.0 996.749074875048 0.98732960046039
5.5 5.0 16 4.0078125 0.306640625 2.95703125 0.0 2.83730012570285 0.03608948995459
6.0 5.0 16 5.10546875 17.2158203125 5.10546875 0.0 2.6528575814192 0.01223934566011
6.5 5.0 16 14.6796875 168.73046875 10.0703125 0.0 4.23675065614091 0.01296551451898
7.0 5.0 16 10.9921875 167.6484375 10.375 0.0 4.59284686624305 0.01178976741973
7.5 5.0 16 10.3671875 165.875 10.3671875 0.0 4.62554450111835 0.00980243718255
8.0 5.0 16 10.3671875 165.875 10.3671875 0.0 4.65237018102204 0.0081517489874
8.5 5.0 16 10.5234375 168.21875 10.5234375 0.0 4.68228782464201 0.00711661908937
9.0 5.0 16 11.203125 176.578125 11.203125 0.0 4.72481341566926 0.00651095403693
9.5 5.0 16 11.5 183.6953125 11.5 0.0 4.75156202334273 0.0060089658218
10.0 5.0 16 11.7734375 188.09375 11.7734375 0.0 4.78562532692735 0.00491674730422
10.5 5.0 16 12.0 191.7734375 12.0 0.0 4.81655620031205 0.00365061375087
11.0 5.0 16 12.25 195.7421875 12.25 0.0 4.85239126211156 0.0028936755308
11.5 5.0 16 12.53125 200.21875 12.53125 0.0 4.88478420401527 0.00352716450262
12.0 5.0 16 12.6875 202.84375 12.6875 0.0 4.91135828052631 0.0051761203947
12.5 5.0 16 12.9765625 207.3359375 12.9765625 0.0 4.94088689182835 0.00593259225683
13.0 5.0 16 13.1484375 210.203125 13.1484375 0.0 4.97674504330368 0.00564616234141
13.5 5.0 16 13.375 213.765625 13.375 0.0 5.00357714854252 0.00482048912083
14.0 5.0 16 13.6015625 217.3984375 13.6015625 0.0 5.03659179592444 0.00509654894853
14.5 5.0 16 13.8046875 220.671875 13.8046875 0.0 5.06676727964162 0.00581242469708
15.0 5.0 16 999.5 7406.35546875 999.5 0.0 978.098323811755 0.99793166709886
15.5 5.0 16 999.5 2249.8125 999.5 0.0 996.751850249904 0.99346564563436
16.0 5.0 16 999.5 88.0 999.5 0.0 996.751850249904 0.99098110834882
16.5 5.0 16 999.5 88.0 999.5 0.0 996.751850249904 0.98953465046906
17.0 5.0 16 999.5 88.0 999.5 0.0 996.751850249904 0.98835305838569
17.5 5.0 16 999.5 88.0 999.5 0.0 996.751850249904 0.98746288224546
18.0 5.0 16 999.5 88.0 999.5 0.0 996.751850249904 0.98704327715193
18.5 5.0 16 999.5 88.0 999.5 0.0 996.751850249904 0.98667420892233
19.0 5.0 16 999.5 88.0 999.5 0.0 996.751850249904 0.98645263664643
19.5 5.0 16 999.5 88.0 999.5 0.0 996.751850249904 0.98622193492768
20.0 5.0 16 999.5 88.0 999.5 0.0 996.751850249904 0.98606224982813
5.5 5.5 16 4.0078125 0.333984375 3.021484375 0.0 2.90627294978193 0.04346892579787
6.0 5.5 16 5.59765625 20.822265625 5.59765625 0.0 2.706977053245 0.00456116067964
6.5 5.5 16 14.546875 172.4765625 9.421875 0.0 4.19352171883726 0.01146456604012
7.0 5.5 16 11.390625 165.71875 10.2109375 0.0 4.57508778420837 0.01602582118503
7.5 5.5 16 10.7109375 170.2734375 10.578125 0.0 4.61030339841365 0.0168040696291
8.0 5.5 16 10.5703125 168.2421875 10.421875 0.0 4.63905439461821 0.01634695008755
8.5 5.5 16 10.53125 168.3828125 10.53125 0.0 4.66739498562925 0.01652558786333
9.0 5.5 16 10.9453125 174.34375 10.9453125 0.0 4.70134989201725 0.0167548032039
9.5 5.5 16 11.28125 179.390625 11.28125 0.0 4.73539999303555 0.01545819900458
10.0 5.5 16 11.6171875 185.5 11.6171875 0.0 4.76402455211396 0.01562935816283
10.5 5.5 16 11.828125 189.015625 11.828125 0.0 4.79693569981424 0.01639252784069
11.0 5.5 16 12.078125 192.9921875 12.078125 0.0 4.83086657469683 0.01706719713377
11.5 5.5 16 12.296875 196.53125 12.296875 0.0 4.86126023029099 0.01669646716766
12.0 5.5 16 12.5625 200.734375 12.5625 0.0 4.89620728796489 0.01621184952205
12.5 5.5 16 12.7578125 203.9296875 12.7578125 0.0 4.92830151051386 0.01574705310382
13.0 5.5 16 13.421875 210.625 13.421875 0.0 4.96017673070822 0.01618485016529
13.5 5.5 16 25.15625 241.2421875 25.15625 0.0 5.03017182382929 0.93054572633746
14.0 5.5 16 999.5 4861.41015625 999.5 0.0 996.750925124952 0.99348293750815
14.5 5.5 16 999.5 88.0 999.5 0.0 996.750925124952 0.98999437358407
15.0 5.5 16 999.5 88.0 999.5 0.0 996.750925124952 0.98812683402365
15.5 5.5 16 999.5 88.0 999.5 0.0 996.750925124952 0.98664246756693
16.0 5.5 16 999.5 88.0 999.5 0.0 996.750925124952 0.98561464936989
16.5 5.5 16 999.5 88.0 999.5 0.0 996.750925124952 0.98511624327325
17.0 5.5 16 999.5 88.0 999.5 0.0 996.750925124952 0.98473718095044
17.5 5.5 16 999.5 88.0 999.5 0.0 996.750925124952 0.98448531580834
18.0 5.5 16 999.5 88.0 999.5 0.0 996.750925124952 0.98424839330868
18.5 5.5 16 999.5 88.0 999.5 0.0 996.750925124952 0.9841036766525
19.0 5.5 16 999.5 88.0 999.5 0.0 996.750925124952 0.98394796153021
19.5 5.5 16 999.5 88.0 999.5 0.0 996.750925124952 0.98378098749933
20.0 5.5 16 999.5 88.0 999.5 0.0 996.750925124952 0.98360246688273
5.5 6.0 16 4.0078125 0.380859375 3.296875 0.0 3.13903451910023 0.06735405613998
6.0 6.0 16 5.6875 18.51806640625 5.6875 0.0 2.65407937890014 0.02513043567787
6.5 6.0 16 18.09375 173.921875 18.09375 0.0 4.38357376253826 0.02657300031008
7.0 6.0 16 20.84375 209.09375 10.328125 0.0 4.56169195990381 0.02655765633796
7.5 6.0 16 10.84375 165.9609375 10.234375 0.0 4.62079561144824 0.02780525048992
8.0 6.0 16 10.234375 163.75 10.234375 0.0 4.64511033485872 0.027082957412
8.5 6.0 16 10.484375 164.2265625 10.484375 0.0 4.67477622455482 0.0272783730554
9.0 6.0 16 10.9296875 174.453125 10.9296875 0.0 4.71614020560989 0.02673294181631
9.5 6.0 16 11.109375 177.5703125 11.109375 0.0 4.745433593446 0.02632122264684
10.0 6.0 16 11.296875 180.5625 11.296875 0.0 4.77479729122815 0.02665434459653
10.5 6.0 16 11.53125 184.265625 11.53125 0.0 4.81169948649264 0.0264938050326
11.0 6.0 16 11.7421875 187.65625 11.7421875 0.0 4.84302588119696 0.02683450958032
11.5 6.0 16 12.0 191.7421875 12.0 0.0 4.878635575331 0.02770952716315
12.0 6.0 16 12.2265625 195.3984375 12.2265625 0.0 4.91141791929882 0.02763533097221
12.5 6.0 16 999.5 6558.328125 999.5 0.0 935.25334408484 0.99807719403719
13.0 6.0 16 999.5 2018.96923828125 999.5 0.0 996.515751153403 0.99354457283826
13.5 6.0 16 999.5 96.0 999.5 0.0 996.515751153403 0.99120240774451
14.0 6.0 16 999.5 96.0 999.5 0.0 996.515751153403 0.98979020833853
14.5 6.0 16 999.5 96.0 999.5 0.0 996.515751153403 0.98867024322713
15.0 6.0 16 999.5 96.0 999.5 0.0 996.515751153403 0.98818560745988
15.5 6.0 16 999.5 96.0 999.5 0.0 996.515751153403 0.98779354745414
16.0 6.0 16 999.5 96.0 999.5 0.0 996.515751153403 0.98755316171677
16.5 6.0 16 999.5 96.0 999.5 0.0 996.515751153403 0.98731871961015
17.0 6.0 16 999.5 96.0 999.5 0.0 996.515751153403 0.98718342854468
17.5 6.0 16 999.5 96.0 999.5 0.0 996.515751153403 0.98703712557795
18.0 6.0 16 999.5 96.0 999.5 0.0 996.515751153403 0.98687982136946
18.5 6.0 16 999.5 96.0 999.5 0.0 996.515751153403 0.9867118230402
19.0 6.0 16 999.5 96.0 999.5 0.0 996.515751153403 0.98653253854349
19.5 6.0 16 999.5 96.0 999.5 0.0 996.515751153403 0.98634225399741
20.0 6.0 16 999.5 96.0 999.5 0.0 996.515751153403 0.98613902252464
5.5 6.5 16 4.0078125 0.291015625 3.10546875 0.0 2.98940494453756 0.11618960674496
6.0 6.5 16 4.84375 14.90234375 4.42578125 0.0 2.29964101889738 0.01174571372004
6.5 6.5 16 15.921875 183.328125 8.6796875 0.0 3.73796086923657 0.02274473749086
7.0 6.5 16 15.265625 184.1484375 9.8125 0.0 4.50330413146083 0.01400462814219
7.5 6.5 16 10.09375 159.03125 10.09375 0.0 4.6048638613215 0.01527659093159
8.0 6.5 16 10.375 165.71875 10.375 0.0 4.64067091246417 0.01635781666695
8.5 6.5 16 10.65625 170.203125 10.65625 0.0 4.66786640863586 0.01834375221351
9.0 6.5 16 10.9609375 175.0703125 10.9609375 0.0 4.7004767227968 0.0200333702596
9.5 6.5 16 11.2578125 179.6171875 11.2578125 0.0 4.7336215467888 0.02131024171416
10.0 6.5 16 11.5 183.7578125 11.5 0.0 4.77227601734223 0.02257688048609
10.5 6.5 16 11.75 187.75 11.75 0.0 4.80848861014508 0.02227526196078
11.0 6.5 16 12.0 191.75 12.0 0.0 4.83697799296161 0.02238892108264
11.5 6.5 16 999.5 4269.78125 999.5 0.0 182.585787550427 0.99819360471089
12.0 6.5 16 999.5 3073.8984375 999.5 0.0 996.509815936178 0.99525723421267
12.5 6.5 16 999.5 96.0 999.5 0.0 996.509815936178 0.99340341630318
13.0 6.5 16 999.5 96.0 999.5 0.0 996.509815936178 0.99229770119565
13.5 6.5 16 999.5 96.0 999.5 0.0 996.509815936178 0.99151695935788
14.0 6.5 16 999.5 96.0 999.5 0.0 996.509815936178 0.99115381226585
14.5 6.5 16 999.5 96.0 999.5 0.0 996.509815936178 0.99088889766411
15.0 6.5 16 999.5 96.0 999.5 0.0 996.509815936178 0.99068694524201
15.5 6.5 16 999.5 96.0 999.5 0.0 996.509815936178 0.9905515974866
16.0 6.5 16 999.5 96.0 999.5 0.0 996.509815936178 0.99043620456286
16.5 6.5 16 999.5 96.0 999.5 0.0 996.509815936178 0.99031116354917
17.0 6.5 16 999.5 96.0 999.5 0.0 996.509815936178 0.9901758955893
17.5 6.5 16 999.5 96.0 999.5 0.0 996.509815936178 0.99002921456057
18.0 6.5 16 999.5 96.0 999.5 0.0 996.509815936178 0.98987489805355
18.5 6.5 16 999.5 96.0 999.5 0.0 996.509815936178 0.98971913638901
19.0 6.5 16 999.5 96.0 999.5 0.0 996.509815936178 0.98968615367876
19.5 6.5 16 999.5 96.0 999.5 0.0 996.509815936178 0.989649443239
20.0 6.5 16 999.5 96.0 999.5 0.0 996.509815936178 0.98960966309938
5.5 7.0 16 4.0078125 0.25 3.443359375 0.0 3.33681114047181 0.05551144460729
6.0 7.0 16 6.0390625 17.86279296875 6.0390625 0.0 3.10638428907677 0.00707263779211
6.5 7.0 16 17.328125 166.79296875 17.328125 0.0 4.13083617201147 0.00893484537004
7.0 7.0 16 20.03125 241.6953125 10.1171875 0.0 4.60425026510706 0.00993426533649
7.5 7.0 16 10.734375 170.171875 10.6875 0.0 4.6501571111487 0.00873775058333
8.0 7.0 16 10.734375 171.28125 10.734375 0.0 4.66157227530016 0.00838962545936
8.5 7.0 16 10.921875 174.5703125 10.921875 0.0 4.68587448059802 0.00800983076695
9.0 7.0 16 11.015625 176.15625 11.015625 0.0 4.71907671564751 0.00802327526012
9.5 7.0 16 11.28125 180.234375 11.28125 0.0 4.75347066186268 0.00841911053499
10.0 7.0 16 11.46875 183.296875 11.46875 0.0 4.79122789154135 0.00878003021904
10.5 7.0 16 11.78125 188.1796875 11.78125 0.0 4.82807611048462 0.00961375676215
11.0 7.0 16 999.5 2526.671875 999.5 0.0 996.508338139177 0.99195515534367
11.5 7.0 16 999.5 96.0 999.5 0.0 996.508338139177 0.9871413502186
12.0 7.0 16 999.5 96.0 999.5 0.0 996.508338139177 0.98464381350047
12.5 7.0 16 999.5 96.0 999.5 0.0 996.508338139177 0.98276145064779
13.0 7.0 16 999.5 96.0 999.5 0.0 996.508338139177 0.98199120386489
13.5 7.0 16 999.5 96.0 999.5 0.0 996.508338139177 0.98149347655841
14.0 7.0 16 999.5 96.0 999.5 0.0 996.508338139177 0.98109873843226
14.5 7.0 16 999.5 96.0 999.5 0.0 996.508338139177 0.98086398298115
15.0 7.0 16 999.5 96.0 999.5 0.0 996.508338139177 0.98062346403782
15.5 7.0 16 999.5 96.0 999.5 0.0 996.508338139177 0.98036401244225
16.0 7.0 16 999.5 96.0 999.5 0.0 996.508338139177 0.98008472183304
16.5 7.0 16 999.5 96.0 999.5 0.0 996.508338139177 0.97978843634056
17.0 7.0 16 999.5 96.0 999.5 0.0 996.508338139177 0.979472431583
17.5 7.0 16 999.5 96.0 999.5 0.0 996.508338139177 0.9793333168644
18.0 7.0 16 999.5 96.0 999.5 0.0 996.508338139177 0.9792664941093
18.5 7.0 16 999.5 96.0 999.5 0.0 996.508338139177 0.97919426978404
19.0 7.0 16 999.5 96.0 999.5 0.0 996.508338139177 0.97911387639436
19.5 7.0 16 999.5 96.0 999.5 0.0 996.508338139177 0.97910592809171
20.0 7.0 16 999.5 96.0 999.5 0.0 996.508338139177 0.97910591477558
5.5 7.5 16 4.0078125 0.26171875 3.41796875 0.0 3.30656886586589 0.04577725049788
6.0 7.5 16 6.2265625 19.1907958984375 6.2265625 0.0 3.02565538556656 0.00597116201485
6.5 7.5 16 16.453125 196.26953125 15.5390625 0.0 4.13102322490868 0.01109658866111
7.0 7.5 16 18.140625 216.3984375 11.078125 0.0 4.66015224439772 0.02671183831343
7.5 7.5 16 10.953125 172.0 10.640625 0.0 4.62655536224582 0.02903161846542
8.0 7.5 16 10.640625 170.2421875 10.640625 0.0 4.65444061132588 0.0290439016066
8.5 7.5 16 10.71875 171.421875 10.71875 0.0 4.67776940840482 0.02931526687042
9.0 7.5 16 10.8828125 173.9609375 10.8828125 0.0 4.71410591474969 0.03102811589241
9.5 7.5 16 11.078125 177.0546875 11.078125 0.0 4.74659537374744 0.03262145813548
10.0 7.5 16 999.5 6419.28122144938 999.5 0.0 957.802839502835 0.9982466957461
10.5 7.5 16 999.5 1275.75 999.5 0.0 996.505562764321 0.99333344857511
11.0 7.5 16 999.5 96.0 999.5 0.0 996.505562764321 0.99113069296168
11.5 7.5 16 999.5 96.0 999.5 0.0 996.505562764321 0.98967132720067
12.0 7.5 16 999.5 96.0 999.5 0.0 996.505562764321 0.98901760281543
12.5 7.5 16 999.5 96.0 999.5 0.0 996.505562764321 0.98858411144087
13.0 7.5 16 999.5 96.0 999.5 0.0 996.505562764321 0.98827581768086
13.5 7.5 16 999.5 96.0 999.5 0.0 996.505562764321 0.98807372148947
14.0 7.5 16 999.5 96.0 999.5 0.0 996.505562764321 0.98789112001586
14.5 7.5 16 999.5 96.0 999.5 0.0 996.505562764321 0.9876938498784
15.0 7.5 16 999.5 96.0 999.5 0.0 996.505562764321 0.98747615684166
15.5 7.5 16 999.5 96.0 999.5 0.0 996.505562764321 0.98724446575808
16.0 7.5 16 999.5 96.0 999.5 0.0 996.505562764321 0.9869912153487
16.5 7.5 16 999.5 96.0 999.5 0.0 996.505562764321 0.98694847913367
17.0 7.5 16 999.5 96.0 999.5 0.0 996.505562764321 0.98690093561135
17.5 7.5 16 999.5 96.0 999.5 0.0 996.505562764321 0.98684857619457
18.0 7.5 16 999.5 96.0 999.5 0.0 996.505562764321 0.98681649620337
18.5 7.5 16 999.5 96.0 999.5 0.0 996.505562764321 0.98681649620337
19.0 7.5 16 999.5 96.0 999.5 0.0 996.505562764321 0.98681649620337
19.5 7.5 16 999.5 96.0 999.5 0.0 996.505562764321 0.98681649620337
20.0 7.5 16 999.5 96.0 999.5 0.0 996.505562764321 0.98681649620337
5.5 8.0 16 4.0078125 0.03515625 3.2421875 0.0 3.2421875 0.12701072386059
6.0 8.0 16 4.73046875 0.830078125 2.9609375 0.0 2.51562748739968 0.00956305757403
6.5 8.0 16 4.79296875 17.6416015625 4.05078125 0.0 2.2504466924242 0.02936463256334
7.0 8.0 16 27.09375 284.9453125 16.15625 0.0 4.24867640757236 0.13893438853039
7.5 8.0 16 19.078125 220.296875 12.890625 0.0 4.70612321623452 0.13687881332205
8.0 8.0 16 12.8125 165.3046875 9.8359375 0.0 4.68751366543184 0.14508297662766
8.5 8.0 16 10.0 159.8203125 10.0 0.0 4.72156342375352 0.14932303856017
9.0 8.0 16 10.296875 164.4375 10.296875 0.0 4.75198438765051 0.15032270941316
9.5 8.0 16 999.5 3051.3486328125 999.5 0.0 996.505779027297 0.99557916773137
10.0 8.0 16 999.5 96.0 999.5 0.0 996.505779027297 0.98887380983681
10.5 8.0 16 999.5 96.0 999.5 0.0 996.505779027297 0.98623295633423
11.0 8.0 16 999.5 96.0 999.5 0.0 996.505779027297 0.98446038720186
11.5 8.0 16 999.5 96.0 999.5 0.0 996.505779027297 0.9837133060749
12.0 8.0 16 999.5 96.0 999.5 0.0 996.505779027297 0.98327608983052
12.5 8.0 16 999.5 96.0 999.5 0.0 996.505779027297 0.9829189554568
13.0 8.0 16 999.5 96.0 999.5 0.0 996.505779027297 0.98266794093341
13.5 8.0 16 999.5 96.0 999.5 0.0 996.505779027297 0.98239067339907
14.0 8.0 16 999.5 96.0 999.5 0.0 996.505779027297 0.98208908181319
14.5 8.0 16 999.5 96.0 999.5 0.0 996.505779027297 0.98176302759161
15.0 8.0 16 999.5 96.0 999.5 0.0 996.505779027297 0.98140868158228
15.5 8.0 16 999.5 96.0 999.5 0.0 996.505779027297 0.98133478619437
16.0 8.0 16 999.5 96.0 999.5 0.0 996.505779027297 0.98125224452397
16.5 8.0 16 999.5 96.0 999.5 0.0 996.505779027297 0.98116102006465
17.0 8.0 16 999.5 96.0 999.5 0.0 996.505779027297 0.98112865637052
17.5 8.0 16 999.5 96.0 999.5 0.0 996.505779027297 0.98112861257885
18.0 8.0 16 999.5 96.0 999.5 0.0 996.505779027297 0.98112856621063
18.5 8.0 16 999.5 96.0 999.5 0.0 996.505779027297 0.98112851888564
19.0 8.0 16 999.5 96.0 999.5 0.0 996.505779027297 0.98112846894016
19.5 8.0 16 999.5 96.0 999.5 0.0 996.505779027297 0.98112841719495
20.0 8.0 16 999.5 96.0 999.5 0.0 996.505779027297 0.98112836455912
5.5 8.5 16 4.0078125 0.03515625 3.1328125 0.0 3.1328125 nan
6.0 8.5 16 4.73046875 0.0 2.4375 0.0 2.4375 nan
6.5 8.5 16 4.73046875 0.0 2.576171875 0.0 2.576171875 nan
7.0 8.5 16 4.72265625 0.0 2.77734375 0.0 2.77734375 nan
7.5 8.5 16 4.703125 0.0 3.13671875 0.0 3.13671875 nan
8.0 8.5 16 4.73046875 0.0 3.77734375 0.0 3.77734375 nan
8.5 8.5 16 4.73046875 0.0 4.6328125 0.0 4.6328125 nan
9.0 8.5 16 4.578125 0.0 4.21484375 0.0 4.21484375 nan
9.5 8.5 16 4.72265625 0.0 2.7265625 0.0 2.7265625 nan
10.0 8.5 16 4.6953125 0.0 2.4375 0.0 2.4375 nan
10.5 8.5 16 4.73046875 0.0 2.62890625 0.0 2.62890625 nan
11.0 8.5 16 4.73046875 0.0 2.84765625 0.0 2.84765625 nan
11.5 8.5 16 4.73046875 0.0 3.23046875 0.0 3.23046875 nan
12.0 8.5 16 4.703125 0.0 4.08203125 0.0 4.08203125 nan
12.5 8.5 16 4.73046875 0.0 4.73046875 0.0 4.73046875 nan
13.0 8.5 16 4.71484375 0.0 3.5703125 0.0 3.5703125 nan
13.5 8.5 16 4.73046875 0.0 2.44140625 0.0 2.44140625 nan
14.0 8.5 16 4.73046875 0.0 2.55078125 0.0 2.55078125 nan
14.5 8.5 16 4.73046875 0.0 2.736328125 0.0 2.736328125 nan
15.0 8.5 16 4.73046875 0.0 3.078125 0.0 3.078125 nan
15.5 8.5 16 4.7265625 0.0 3.76953125 0.0 3.76953125 nan
16.0 8.5 16 4.73046875 0.0 4.54296875 0.0 4.54296875 nan
16.5 8.5 16 4.5390625 0.0 4.5390625 0.0 4.5390625 nan
17.0 8.5 16 4.73046875 0.0 2.88671875 0.0 2.88671875 nan
17.5 8.5 16 4.70703125 0.0 2.4375 0.0 2.4375 nan
18.0 8.5 16 4.73046875 0.0 2.634765625 0.0 2.634765625 nan
18.5 8.5 16 4.73046875 0.0 2.890625 0.0 2.890625 nan
19.0 8.5 16 4.7265625 0.0 3.341796875 0.0 3.341796875 nan
19.5 8.5 16 4.70703125 0.0 4.10546875 0.0 4.10546875 nan
20.0 8.5 16 4.73046875 0.0 4.73046875 0.0 4.73046875 nan
5.5 9.0 16 4.0078125 0.03515625 3.02734375 0.0 3.02734375 nan
6.0 9.0 16 4.73046875 0.0 2.609375 0.0 2.609375 nan
6.5 9.0 16 4.73046875 0.0 2.84765625 0.0 2.84765625 nan
7.0 9.0 16 4.69921875 0.0 3.41796875 0.0 3.41796875 nan
7.5 9.0 16 4.73046875 0.0 4.26953125 0.0 4.26953125 nan
8.0 9.0 16 4.66015625 0.0 4.66015625 0.0 4.66015625 nan
8.5 9.0 16 4.70703125 0.0 3.015625 0.0 3.015625 nan
9.0 9.0 16 4.73046875 0.0 2.4375 0.0 2.4375 nan
9.5 9.0 16 4.70703125 0.0 2.61328125 0.0 2.61328125 nan
10.0 9.0 16 4.73046875 0.0 2.86328125 0.0 2.86328125 nan
10.5 9.0 16 4.69140625 0.0 3.39453125 0.0 3.39453125 nan
11.0 9.0 16 4.73046875 0.0 4.28515625 0.0 4.28515625 nan
11.5 9.0 16 4.640625 0.0 4.640625 0.0 4.640625 nan
12.0 9.0 16 4.69921875 0.0 2.921875 0.0 2.921875 nan
12.5 9.0 16 4.73046875 0.0 2.4375 0.0 2.4375 nan
13.0 9.0 16 4.73046875 0.0 2.69140625 0.0 2.69140625 nan
13.5 9.0 16 4.703125 0.0 2.95703125 0.0 2.95703125 nan
14.0 9.0 16 4.73046875 0.0 3.5234375 0.0 3.5234375 nan
14.5 9.0 16 4.6953125 0.0 4.42578125 0.0 4.42578125 nan
15.0 9.0 16 4.578125 0.0 4.578125 0.0 4.578125 nan
15.5 9.0 16 4.73046875 0.0 2.837890625 0.0 2.837890625 nan
16.0 9.0 16 4.71875 0.0 2.4375 0.0 2.4375 nan
16.5 9.0 16 4.73046875 0.0 2.66796875 0.0 2.66796875 nan
17.0 9.0 16 4.71875 0.0 2.98828125 0.0 2.98828125 nan
17.5 9.0 16 4.73046875 0.0 3.58984375 0.0 3.58984375 nan
18.0 9.0 16 4.7265625 0.0 4.53515625 0.0 4.53515625 nan
18.5 9.0 16 4.4765625 0.0 4.4765625 0.0 4.4765625 nan
19.0 9.0 16 4.73046875 0.0 2.759765625 0.0 2.759765625 nan
19.5 9.0 16 4.73046875 0.0 2.568359375 0.0 2.568359375 nan
20.0 9.0 16 4.70703125 0.0 2.8125 0.0 2.8125 nan
5.5 9.5 16 4.0078125 0.0390625 2.671875 0.0 2.671875 nan
6.0 9.5 16 4.73046875 0.0 2.546875 0.0 2.546875 nan
6.5 9.5 16 4.7109375 0.0 2.806640625 0.0 2.806640625 nan
7.0 9.5 16 4.73046875 0.0 3.34765625 0.0 3.34765625 nan
7.5 9.5 16 4.73046875 0.0 4.23828125 0.0 4.23828125 nan
8.0 9.5 16 4.70703125 0.0 4.70703125 0.0 4.70703125 nan
8.5 9.5 16 4.73046875 0.0 3.173828125 0.0 3.173828125 nan
9.0 9.5 16 4.73046875 0.0 2.4375 0.0 2.4375 nan
9.5 9.5 16 4.73046875 0.0 2.6953125 0.0 2.6953125 nan
10.0 9.5 16 4.73046875 0.0 3.06640625 0.0 3.06640625 nan
10.5 9.5 16 4.73046875 0.0 3.87109375 0.0 3.87109375 nan
11.0 9.5 16 4.5234375 0.0 4.5234375 0.0 4.5234375 nan
11.5 9.5 16 4.73046875 0.0 2.4375 0.0 2.4375 nan
12.0 9.5 16 4.73046875 0.0 2.77734375 0.0 2.77734375 nan
12.5 9.5 16 4.73046875 0.0 4.01953125 0.0 4.01953125 nan
13.0 9.5 16 4.265625 0.0 4.265625 0.0 4.265625 nan
13.5 9.5 16 4.73046875 0.0 2.4375 0.0 2.4375 nan
14.0 9.5 16 4.703125 0.0 2.96484375 0.0 2.96484375 nan
14.5 9.5 16 4.72265625 0.0 4.33984375 0.0 4.33984375 nan
15.0 9.5 16 4.30859375 0.0 3.0390625 0.0 3.0390625 nan
15.5 9.5 16 4.703125 0.0 2.583984375 0.0 2.583984375 nan
16.0 9.5 16 4.73046875 0.0 3.27734375 0.0 3.27734375 nan
16.5 9.5 16 4.7109375 0.0 4.6953125 0.0 4.6953125 nan
17.0 9.5 16 4.671875 0.0 2.734375 0.0 2.734375 nan
17.5 9.5 16 4.72265625 0.0 2.640625 0.0 2.640625 nan
18.0 9.5 16 4.71875 0.0 3.318359375 0.0 3.318359375 nan
18.5 9.5 16 4.73046875 0.0 4.73046875 0.0 4.73046875 nan
19.0 9.5 16 4.70703125 0.0 2.6640625 0.0 2.6640625 nan
19.5 9.5 16 4.73046875 0.0 2.736328125 0.0 2.736328125 nan
20.0 9.5 16 4.73046875 0.0 3.73046875 0.0 3.73046875 nan
5.5 10.0 16 4.0078125 0.03515625 2.54296875 0.0 2.54296875 nan
6.0 10.0 16 4.73046875 0.0 2.73828125 0.0 2.73828125 nan
6.5 10.0 16 4.73046875 0.0 3.61328125 0.0 3.61328125 nan
7.0 10.0 16 4.515625 0.0 4.515625 0.0 4.515625 nan
7.5 10.0 16 4.73046875 0.0 2.447265625 0.0 2.447265625 nan
8.0 10.0 16 4.73046875 0.0 2.662109375 0.0 2.662109375 nan
8.5 10.0 16 4.72265625 0.0 3.58984375 0.0 3.58984375 nan
9.0 10.0 16 4.73046875 0.0 4.73046875 0.0 4.73046875 nan
9.5 10.0 16 4.73046875 0.0 2.88671875 0.0 2.88671875 nan
10.0 10.0 16 4.72265625 0.0 2.48046875 0.0 2.48046875 nan
10.5 10.0 16 4.7265625 0.0 2.96484375 0.0 2.96484375 nan
11.0 10.0 16 4.70703125 0.0 4.13671875 0.0 4.13671875 nan
11.5 10.0 16 4.37109375 0.0 4.37109375 0.0 4.37109375 nan
12.0 10.0 16 4.71875 0.0 2.4375 0.0 2.4375 nan
12.5 10.0 16 4.71484375 0.0 2.67578125 0.0 2.67578125 nan
13.0 10.0 16 4.6953125 0.0 3.306640625 0.0 3.306640625 nan
13.5 10.0 16 4.73046875 0.0 4.62890625 0.0 4.62890625 nan
14.0 10.0 16 4.59765625 0.0 3.0390625 0.0 3.0390625 nan
14.5 10.0 16 4.71875 0.0 2.529296875 0.0 2.529296875 nan
15.0 10.0 16 4.73046875 0.0 2.9921875 0.0 2.9921875 nan
15.5 10.0 16 4.7109375 0.0 4.50390625 0.0 4.50390625 nan
16.0 10.0 16 4.42578125 0.0 3.4609375 0.0 3.4609375 nan
16.5 10.0 16 4.71484375 0.0 2.4375 0.0 2.4375 nan
17.0 10.0 16 4.73046875 0.0 2.716796875 0.0 2.716796875 nan
17.5 10.0 16 4.73046875 0.0 3.1015625 0.0 3.1015625 nan
18.0 10.0 16 4.73046875 0.0 4.00390625 0.0 4.00390625 nan
18.5 10.0 16 4.73046875 0.0 4.73046875 0.0 4.73046875 nan
19.0 10.0 16 4.71484375 0.0 2.759765625 0.0 2.759765625 nan
19.5 10.0 16 4.73046875 0.0 2.564453125 0.0 2.564453125 nan
20.0 10.0 16 4.71484375 0.0 2.79296875 0.0 2.79296875 nan
5.5 10.5 16 4.0078125 0.03125 3.16015625 0.0 3.16015625 nan
6.0 10.5 16 4.73046875 0.0 2.4375 0.0 2.4375 nan
6.5 10.5 16 4.6953125 0.0 2.595703125 0.0 2.595703125 nan
7.0 10.5 16 4.70703125 0.0 2.79296875 0.0 2.79296875 nan
7.5 10.5 16 4.7109375 0.0 3.16015625 0.0 3.16015625 nan
8.0 10.5 16 4.73046875 0.0 3.83984375 0.0 3.83984375 nan
8.5 10.5 16 4.6953125 0.0 4.6953125 0.0 4.6953125 nan
9.0 10.5 16 4.6328125 0.0 4.15234375 0.0 4.15234375 nan
9.5 10.5 16 4.73046875 0.0 2.759765625 0.0 2.759765625 nan
10.0 10.5 16 4.6953125 0.0 2.4375 0.0 2.4375 nan
10.5 10.5 16 4.72265625 0.0 2.625 0.0 2.625 nan
11.0 10.5 16 4.7265625 0.0 2.814453125 0.0 2.814453125 nan
11.5 10.5 16 4.73046875 0.0 3.23046875 0.0 3.23046875 nan
12.0 10.5 16 4.703125 0.0 4.03515625 0.0 4.03515625 nan
12.5 10.5 16 4.72265625 0.0 4.65234375 0.0 4.65234375 nan
13.0 10.5 16 4.58984375 0.0 4.34765625 0.0 4.34765625 nan
13.5 10.5 16 4.73046875 0.0 2.91015625 0.0 2.91015625 nan
14.0 10.5 16 4.73046875 0.0 2.4375 0.0 2.4375 nan
14.5 10.5 16 4.6953125 0.0 2.599609375 0.0 2.599609375 nan
15.0 10.5 16 4.69921875 0.0 2.7890625 0.0 2.7890625 nan
15.5 10.5 16 4.73046875 0.0 3.17578125 0.0 3.17578125 nan
16.0 10.5 16 4.73046875 0.0 3.82421875 0.0 3.82421875 nan
16.5 10.5 16 4.73046875 0.0 4.5859375 0.0 4.5859375 nan
17.0 10.5 16 4.45703125 0.0 4.3125 0.0 4.3125 nan
17.5 10.5 16 4.73046875 0.0 2.837890625 0.0 2.837890625 nan
18.0 10.5 16 4.703125 0.0 2.4375 0.0 2.4375 nan
18.5 10.5 16 4.73046875 0.0 2.625 0.0 2.625 nan
19.0 10.5 16 4.73046875 0.0 2.89453125 0.0 2.89453125 nan
19.5 10.5 16 4.72265625 0.0 3.32421875 0.0 3.32421875 nan
20.0 10.5 16 4.7265625 0.0 4.14453125 0.0 4.14453125 nan
5.5 11.0 16 4.0078125 0.05078125 3.2734375 0.0 3.2734375 nan
6.0 11.0 16 4.69921875 0.0 2.451171875 0.0 2.451171875 nan
6.5 11.0 16 4.73046875 0.0 2.537109375 0.0 2.537109375 nan
7.0 11.0 16 4.73046875 0.0 2.75390625 0.0 2.75390625 nan
7.5 11.0 16 4.703125 0.0 3.10546875 0.0 3.10546875 nan
8.0 11.0 16 4.69921875 0.0 3.63671875 0.0 3.63671875 nan
8.5 11.0 16 4.703125 0.0 4.42578125 0.0 4.42578125 nan
9.0 11.0 16 4.67578125 0.0 4.67578125 0.0 4.67578125 nan
9.5 11.0 16 4.72265625 0.0 3.3203125 0.0 3.3203125 nan
10.0 11.0 16 4.73046875 0.0 2.4453125 0.0 2.4453125 nan
10.5 11.0 16 4.73046875 0.0 2.55078125 0.0 2.55078125 nan
11.0 11.0 16 4.73046875 0.0 2.744140625 0.0 2.744140625 nan
11.5 11.0 16 4.73046875 0.0 3.0625 0.0 3.0625 nan
12.0 11.0 16 4.73046875 0.0 3.517578125 0.0 3.517578125 nan
12.5 11.0 16 4.73046875 0.0 4.33984375 0.0 4.33984375 nan
13.0 11.0 16 4.71875 0.0 4.71875 0.0 4.71875 nan
13.5 11.0 16 4.73046875 0.0 3.5234375 0.0 3.5234375 nan
14.0 11.0 16 4.72265625 0.0 2.515625 0.0 2.515625 nan
14.5 11.0 16 4.7265625 0.0 2.595703125 0.0 2.595703125 nan
15.0 11.0 16 4.69140625 0.0 2.7890625 0.0 2.7890625 nan
15.5 11.0 16 4.6875 0.0 3.11328125 0.0 3.11328125 nan
16.0 11.0 16 4.69921875 0.0 3.69921875 0.0 3.69921875 nan
16.5 11.0 16 4.703125 0.0 4.37890625 0.0 4.37890625 nan
17.0 11.0 16 4.73046875 0.0 4.73046875 0.0 4.73046875 nan
17.5 11.0 16 4.72265625 0.0 3.951171875 0.0 3.951171875 nan
18.0 11.0 16 4.703125 0.0 2.6875 0.0 2.6875 nan
18.5 11.0 16 4.69140625 0.0 2.4375 0.0 2.4375 nan
19.0 11.0 16 4.7109375 0.0 2.587890625 0.0 2.587890625 nan
19.5 11.0 16 4.72265625 0.0 2.76171875 0.0 2.76171875 nan
20.0 11.0 16 4.73046875 0.0 3.05078125 0.0 3.05078125 nan
5.5 11.5 16 4.0078125 1.677734375 3.990234375 0.0 3.53095995981113 0.03004603075545
6.0 11.5 16 11.2890625 41.66796875 11.2890625 0.0 3.98985550646992 0.0235475149869
6.5 11.5 16 999.5 6386.25210571289 999.5 0.0 828.452230662486 0.99788671575032
7.0 11.5 16 999.5 1046.65625 999.5 0.0 996.266159650135 0.99189407827206
7.5 11.5 16 999.5 104.0 999.5 0.0 996.266159650135 0.98943213973056
8.0 11.5 16 999.5 104.0 999.5 0.0 996.266159650135 0.98848879910591
8.5 11.5 16 999.5 104.0 999.5 0.0 996.266159650135 0.98798757252959
9.0 11.5 16 999.5 104.0 999.5 0.0 996.266159650135 0.98770092484987
9.5 11.5 16 999.5 104.0 999.5 0.0 996.266159650135 0.98739932734114
10.0 11.5 16 999.5 104.0 999.5 0.0 996.266159650135 0.98706037030206
10.5 11.5 16 999.5 104.0 999.5 0.0 996.266159650135 0.98671831398841
11.0 11.5 16 999.5 104.0 999.5 0.0 996.266159650135 0.9866469999736
11.5 11.5 16 999.5 104.0 999.5 0.0 996.266159650135 0.98656403111842
12.0 11.5 16 999.5 104.0 999.5 0.0 996.266159650135 0.98654625230995
12.5 11.5 16 999.5 104.0 999.5 0.0 996.266159650135 0.98654625230995
13.0 11.5 16 999.5 104.0 999.5 0.0 996.266159650135 0.98654625230995
13.5 11.5 16 999.5 104.0 999.5 0.0 996.266159650135 0.98654625230995
14.0 11.5 16 999.5 104.0 999.5 0.0 996.266159650135 0.98654625230995
14.5 11.5 16 999.5 104.0 999.5 0.0 996.266159650135 0.98654625230995
15.0 11.5 16 999.5 104.0 999.5 0.0 996.266159650135 0.98654625230995
15.5 11.5 16 999.5 104.0 999.5 0.0 996.266159650135 0.98654625230995
16.0 11.5 16 999.5 104.0 999.5 0.0 996.266159650135 0.98654625230995
16.5 11.5 16 999.5 104.0 999.5 0.0 996.266159650135 0.98654625230995
17.0 11.5 16 999.5 104.0 999.5 0.0 996.266159650135 0.98654625230995
17.5 11.5 16 999.5 104.0 999.5 0.0 996.266159650135 0.98654625230995
18.0 11.5 16 999.5 104.0 999.5 0.0 996.266159650135 0.98654625230995
18.5 11.5 16 999.5 104.0 999.5 0.0 996.266159650135 0.98654625230995
19.0 11.5 16 999.5 104.0 999.5 0.0 996.266159650135 0.98654625230995
19.5 11.5 16 999.5 104.0 999.5 0.0 996.266159650135 0.98654625230995
20.0 11.5 16 999.5 104.0 999.5 0.0 996.266159650135 0.98654625230995
5.5 12.0 16 4.5390625 4.5859375 4.5390625 0.0 4.0281214143899 0.09127522534936
6.0 12.0 16 16.75 67.7783203125 16.75 0.0 3.13085378483883 0.05248551145358
6.5 12.0 16 999.5 2148.5625 999.5 0.0 996.271373990773 0.98885792300441
7.0 12.0 16 999.5 104.0 999.5 0.0 996.271373990773 0.98254728489029
7.5 12.0 16 999.5 104.0 999.5 0.0 996.271373990773 0.97978227205603
8.0 12.0 16 999.5 104.0 999.5 0.0 996.271373990773 0.97876426222437
8.5 12.0 16 999.5 104.0 999.5 0.0 996.271373990773 0.97817810447744
9.0 12.0 16 999.5 104.0 999.5 0.0 996.271373990773 0.97767137601684
9.5 12.0 16 999.5 104.0 999.5 0.0 996.271373990773 0.9771012679657
10.0 12.0 16 999.5 104.0 999.5 0.0 996.271373990773 0.97646125696018
10.5 12.0 16 999.5 104.0 999.5 0.0 996.271373990773 0.97632654121567
11.0 12.0 16 999.5 104.0 999.5 0.0 996.271373990773 0.97616795286746
11.5 12.0 16 999.5 104.0 999.5 0.0 996.271373990773 0.97612920749693
12.0 12.0 16 999.5 104.0 999.5 0.0 996.271373990773 0.9761288656475
12.5 12.0 16 999.5 104.0 999.5 0.0 996.271373990773 0.97612848037379
13.0 12.0 16 999.5 104.0 999.5 0.0 996.271373990773 0.97612829613644
13.5 12.0 16 999.5 104.0 999.5 0.0 996.271373990773 0.97612809362662
14.0 12.0 16 999.5 104.0 999.5 0.0 996.271373990773 0.97612787186844
14.5 12.0 16 999.5 104.0 999.5 0.0 996.271373990773 0.97612764553889
15.0 12.0 16 999.5 104.0 999.5 0.0 996.271373990773 0.97612742117749
15.5 12.0 16 999.5 104.0 999.5 0.0 996.271373990773 0.97612717987384
16.0 12.0 16 999.5 104.0 999.5 0.0 996.271373990773 0.97612692162798
16.5 12.0 16 999.5 104.0 999.5 0.0 996.271373990773 0.97612664643996
17.0 12.0 16 999.5 104.0 999.5 0.0 996.271373990773 0.97612655094569
17.5 12.0 16 999.5 104.0 999.5 0.0 996.271373990773 0.97612655094569
18.0 12.0 16 999.5 104.0 999.5 0.0 996.271373990773 0.97612655094569
18.5 12.0 16 999.5 104.0 999.5 0.0 996.271373990773 0.97612655094569
19.0 12.0 16 999.5 104.0 999.5 0.0 996.271373990773 0.97612655094569
19.5 12.0 16 999.5 104.0 999.5 0.0 996.271373990773 0.97612655094569
20.0 12.0 16 999.5 104.0 999.5 0.0 996.271373990773 0.97612655094569
