1.000000 1.000000 3.966990 4.035690 0.000000 0.999765
1.000000 2.357143 3.978029 4.024467 0.000000 0.998514
1.000000 3.714286 3.982282 4.018879 0.000000 0.996081
1.000000 5.071429 3.984550 4.015849 0.000000 0.992514
1.000000 6.428571 3.985839 4.014037 0.000000 0.987867
1.000000 7.785714 3.986790 4.012677 0.000000 0.982181
1.000000 9.142857 3.987556 4.011611 0.000000 0.975502
1.000000 10.500000 3.988194 4.010757 0.000000 0.967873
1.000000 11.857143 3.988720 4.010054 0.000000 0.959348
1.000000 13.214286 3.989157 4.009470 0.000000 0.949977
1.000000 14.571429 3.989556 4.008986 0.000000 0.939815
1.000000 15.928571 3.989922 4.008564 0.000000 0.928917
1.000000 17.285714 3.990263 4.008199 0.000000 0.917340
1.000000 18.642857 3.990578 4.007874 0.000000 0.905134
1.000000 20.000000 3.990874 4.007584 0.000000 0.892371
2.357143 1.000000 3.949533 4.053081 0.000000 0.999860
2.357143 2.357143 3.965819 4.033656 0.000000 0.999077
2.357143 3.714286 3.974778 4.025280 0.000000 0.997652
2.357143 5.071429 3.979428 4.021525 0.000000 0.995620
2.357143 6.428571 3.981131 4.018732 0.000000 0.992966
2.357143 7.785714 3.981812 4.016723 0.000000 0.989710
2.357143 9.142857 3.982354 4.015146 0.000000 0.985886
2.357143 10.500000 0.000000 15.999867 0.000000 1.000000
2.357143 11.857143 nan nan nan nan
2.357143 13.214286 nan nan nan nan
2.357143 14.571429 nan nan nan nan
2.357143 15.928571 nan nan nan nan
2.357143 17.285714 nan nan nan nan
2.357143 18.642857 nan nan nan nan
2.357143 20.000000 nan nan nan nan
3.714286 1.000000 3.711850 6.983272 1.488039 0.999992
3.714286 2.357143 3.895612 4.145270 0.000244 0.999921
3.714286 3.714286 3.918645 4.097113 0.000069 0.999813
3.714286 5.071429 3.930046 4.082701 0.000062 0.999631
3.714286 6.428571 3.941280 4.072945 0.000040 0.999397
3.714286 7.785714 nan nan nan nan
3.714286 9.142857 nan nan nan nan
3.714286 10.500000 nan nan nan nan
3.714286 11.857143 nan nan nan nan
3.714286 13.214286 nan nan nan nan
3.714286 14.571429 nan nan nan nan
3.714286 15.928571 nan nan nan nan
3.714286 17.285714 nan nan nan nan
3.714286 18.642857 nan nan nan nan
3.714286 20.000000 nan nan nan nan
5.071429 1.000000 2.549277 7.875849 0.000069 1.000000
5.071429 2.357143 2.550133 7.311697 0.001706 1.000000
5.071429 3.714286 2.583375 7.335001 0.001564 1.000000
5.071429 5.071429 nan nan nan nan
5.071429 6.428571 nan nan nan nan
5.071429 7.785714 nan nan nan nan
5.071429 9.142857 nan nan nan nan
5.071429 10.500000 nan nan nan nan
5.071429 11.857143 nan nan nan nan
5.071429 13.214286 nan nan nan nan
5.071429 14.571429 nan nan nan nan
5.071429 15.928571 nan nan nan nan
5.071429 17.285714 nan nan nan nan
5.071429 18.642857 nan nan nan nan
5.071429 20.000000 nan nan nan nan
6.428571 1.000000 2.308885 7.306464 0.000000 1.000000
6.428571 2.357143 2.403008 6.841916 0.007954 1.000000
6.428571 3.714286 2.311205 6.813677 0.003542 1.000000
6.428571 5.071429 nan nan nan nan
6.428571 6.428571 nan nan nan nan
6.428571 7.785714 nan nan nan nan
6.428571 9.142857 nan nan nan nan
6.428571 10.500000 nan nan nan nan
6.428571 11.857143 nan nan nan nan
6.428571 13.214286 nan nan nan nan
6.428571 14.571429 nan nan nan nan
6.428571 15.928571 nan nan nan nan
6.428571 17.285714 nan nan nan nan
6.428571 18.642857 nan nan nan nan
6.428571 20.000000 nan nan nan nan
7.785714 1.000000 2.154879 6.886732 0.000039 1.000000
7.785714 2.357143 2.233891 6.629148 0.010145 1.000000
7.785714 3.714286 nan nan nan nan
7.785714 5.071429 nan nan nan nan
7.785714 6.428571 nan nan nan nan
7.785714 7.785714 nan nan nan nan
7.785714 9.142857 nan nan nan nan
7.785714 10.500000 nan nan nan nan
7.785714 11.857143 nan nan nan nan
7.785714 13.214286 nan nan nan nan
7.785714 14.571429 nan nan nan nan
7.785714 15.928571 nan nan nan nan
7.785714 17.285714 nan nan nan nan
7.785714 18.642857 nan nan nan nan
7.785714 20.000000 nan nan nan nan
9.142857 1.000000 2.104013 6.455705 0.000061 1.000000
9.142857 2.357143 2.142012 6.215048 0.000346 1.000000
9.142857 3.714286 nan nan nan nan
9.142857 5.071429 nan nan nan nan
9.142857 6.428571 nan nan nan nan
9.142857 7.785714 nan nan nan nan
9.142857 9.142857 nan nan nan nan
9.142857 10.500000 nan nan nan nan
9.142857 11.857143 nan nan nan nan
9.142857 13.214286 nan nan nan nan
9.142857 14.571429 nan nan nan nan
9.142857 15.928571 nan nan nan nan
9.142857 17.285714 nan nan nan nan
9.142857 18.642857 nan nan nan nan
9.142857 20.000000 nan nan nan nan
10.500000 1.000000 1.995019 6.215992 0.003888 1.000000
10.500000 2.357143 0.000000 15.999867 0.000000 1.000000
10.500000 3.714286 nan nan nan nan
10.500000 5.071429 nan nan nan nan
10.500000 6.428571 nan nan nan nan
10.500000 7.785714 nan nan nan nan
10.500000 9.142857 nan nan nan nan
10.500000 10.500000 nan nan nan nan
10.500000 11.857143 nan nan nan nan
10.500000 13.214286 nan nan nan nan
10.500000 14.571429 nan nan nan nan
10.500000 15.928571 nan nan nan nan
10.500000 17.285714 nan nan nan nan
10.500000 18.642857 nan nan nan nan
10.500000 20.000000 nan nan nan nan
11.857143 1.000000 1.984583 6.042521 0.005215 1.000000
11.857143 2.357143 nan nan nan nan
11.857143 3.714286 nan nan nan nan
11.857143 5.071429 nan nan nan nan
11.857143 6.428571 nan nan nan nan
11.857143 7.785714 nan nan nan nan
11.857143 9.142857 nan nan nan nan
11.857143 10.500000 nan nan nan nan
11.857143 11.857143 nan nan nan nan
11.857143 13.214286 nan nan nan nan
11.857143 14.571429 nan nan nan nan
11.857143 15.928571 nan nan nan nan
11.857143 17.285714 nan nan nan nan
11.857143 18.642857 nan nan nan nan
11.857143 20.000000 nan nan nan nan
13.214286 1.000000 1.941053 5.835242 0.003260 1.000000
13.214286 2.357143 nan nan nan nan
13.214286 3.714286 nan nan nan nan
13.214286 5.071429 nan nan nan nan
13.214286 6.428571 nan nan nan nan
13.214286 7.785714 nan nan nan nan
13.214286 9.142857 nan nan nan nan
13.214286 10.500000 nan nan nan nan
13.214286 11.857143 nan nan nan nan
13.214286 13.214286 nan nan nan nan
13.214286 14.571429 nan nan nan nan
13.214286 15.928571 nan nan nan nan
13.214286 17.285714 nan nan nan nan
13.214286 18.642857 nan nan nan nan
13.214286 20.000000 nan nan nan nan
14.571429 1.000000 1.906805 5.599507 0.000023 1.000000
14.571429 2.357143 nan nan nan nan
14.571429 3.714286 nan nan nan nan
14.571429 5.071429 nan nan nan nan
14.571429 6.428571 nan nan nan nan
14.571429 7.785714 nan nan nan nan
14.571429 9.142857 nan nan nan nan
14.571429 10.500000 nan nan nan nan
14.571429 11.857143 nan nan nan nan
14.571429 13.214286 nan nan nan nan
14.571429 14.571429 nan nan nan nan
14.571429 15.928571 nan nan nan nan
14.571429 17.285714 nan nan nan nan
14.571429 18.642857 nan nan nan nan
14.571429 20.000000 nan nan nan nan
15.928571 1.000000 1.880217 5.492489 0.008784 1.000000
15.928571 2.357143 nan nan nan nan
15.928571 3.714286 nan nan nan nan
15.928571 5.071429 nan nan nan nan
15.928571 6.428571 nan nan nan nan
15.928571 7.785714 nan nan nan nan
15.928571 9.142857 nan nan nan nan
15.928571 10.500000 nan nan nan nan
15.928571 11.857143 nan nan nan nan
15.928571 13.214286 nan nan nan nan
15.928571 14.571429 nan nan nan nan
15.928571 15.928571 nan nan nan nan
15.928571 17.285714 nan nan nan nan
15.928571 18.642857 nan nan nan nan
15.928571 20.000000 nan nan nan nan
17.285714 1.000000 1.849018 5.441559 0.006540 1.000000
17.285714 2.357143 nan nan nan nan
17.285714 3.714286 nan nan nan nan
17.285714 5.071429 nan nan nan nan
17.285714 6.428571 nan nan nan nan
17.285714 7.785714 nan nan nan nan
17.285714 9.142857 nan nan nan nan
17.285714 10.500000 nan nan nan nan
17.285714 11.857143 nan nan nan nan
17.285714 13.214286 nan nan nan nan
17.285714 14.571429 nan nan nan nan
17.285714 15.928571 nan nan nan nan
17.285714 17.285714 nan nan nan nan
17.285714 18.642857 nan nan nan nan
17.285714 20.000000 nan nan nan nan
18.642857 1.000000 1.839661 5.334465 0.001540 1.000000
18.642857 2.357143 nan nan nan nan
18.642857 3.714286 nan nan nan nan
18.642857 5.071429 nan nan nan nan
18.642857 6.428571 nan nan nan nan
18.642857 7.785714 nan nan nan nan
18.642857 9.142857 nan nan nan nan
18.642857 10.500000 nan nan nan nan
18.642857 11.857143 nan nan nan nan
18.642857 13.214286 nan nan nan nan
18.642857 14.571429 nan nan nan nan
18.642857 15.928571 nan nan nan nan
18.642857 17.285714 nan nan nan nan
18.642857 18.642857 nan nan nan nan
18.642857 20.000000 nan nan nan nan
20.000000 1.000000 1.816050 5.159404 0.004142 1.000000
20.000000 2.357143 nan nan nan nan
20.000000 3.714286 nan nan nan nan
20.000000 5.071429 nan nan nan nan
20.000000 6.428571 nan nan nan nan
20.000000 7.785714 nan nan nan nan
20.000000 9.142857 nan nan nan nan
20.000000 10.500000 nan nan nan nan
20.000000 11.857143 nan nan nan nan
20.000000 13.214286 nan nan nan nan
20.000000 14.571429 nan nan nan nan
20.000000 15.928571 nan nan nan nan
20.000000 17.285714 nan nan nan nan
20.000000 18.642857 nan nan nan nan
20.000000 20.000000 nan nan nan nan
